# nmin = 1 nmax = 11 
#   t        realpha           imalpha
#
#
-4.886888889e-01 0.000000000e+00 0.000000000e+00 0.000000000e+00 0.000000000e+00 0.000000000e+00 0.000000000e+00 0.000000000e+00 0.000000000e+00 9.999950652e-01 3.141587486e-03 0.000000000e+00 0.000000000e+00 0.000000000e+00 0.000000000e+00 0.000000000e+00 0.000000000e+00 0.000000000e+00 0.000000000e+00 0.000000000e+00 0.000000000e+00 
-4.686888889e-01 0.000000000e+00 0.000000000e+00 0.000000000e+00 0.000000000e+00 0.000000000e+00 0.000000000e+00 0.000000000e+00 0.000000000e+00 9.500810191e-01 3.120032967e-01 0.000000000e+00 0.000000000e+00 0.000000000e+00 0.000000000e+00 0.000000000e+00 0.000000000e+00 0.000000000e+00 0.000000000e+00 0.000000000e+00 0.000000000e+00 
-4.486888889e-01 0.000000000e+00 0.000000000e+00 0.000000000e+00 0.000000000e+00 0.000000000e+00 0.000000000e+00 0.000000000e+00 0.000000000e+00 8.071664232e-01 5.903239494e-01 0.000000000e+00 0.000000000e+00 0.000000000e+00 0.000000000e+00 0.000000000e+00 0.000000000e+00 0.000000000e+00 0.000000000e+00 0.000000000e+00 0.000000000e+00 
-4.286888889e-01 7.266867325e-19 7.971704641e-19 -1.328121523e-18 -1.543058326e-18 2.359740724e-18 2.905122964e-18 -5.258325674e-18 -6.864450315e-18 5.852407540e-01 8.108595808e-01 5.950694398e-18 8.760435879e-18 -3.076366298e-18 -4.818876818e-18 2.092340666e-18 3.493115182e-18 -1.583084670e-18 -2.822380583e-18 1.265065720e-18 2.414169130e-18 
-4.086888889e-01 1.606620211e-18 2.978785098e-18 -2.781054184e-18 -5.774707332e-18 4.631361910e-18 1.086559770e-17 -9.549721018e-18 -2.560518557e-17 3.060276422e-01 9.520226269e-01 8.767820326e-18 3.230107392e-17 -3.921767577e-18 -1.761092751e-17 2.209440958e-18 1.262712950e-17 -1.290056542e-18 -1.007101071e-17 6.946721122e-19 8.485943378e-18 
-3.886888889e-01 2.211698145e-18 1.129869647e-17 -3.149953768e-18 -2.163599430e-17 3.850220964e-18 4.018741584e-17 -4.322829228e-18 -9.341866473e-17 -3.141587486e-03 9.999950652e-01 -6.013138246e-18 1.143785068e-16 6.266898768e-18 -6.134912681e-17 -6.571667315e-18 4.323155118e-17 6.847937473e-18 -3.385373104e-17 -7.081221554e-18 2.797972786e-17 
-3.686888889e-01 -5.301948151e-18 4.201765865e-17 1.384224027e-17 -7.929180764e-17 -3.255328693e-17 1.451071545e-16 9.155580869e-17 -3.322331249e-16 -3.120032967e-01 9.500810191e-01 -1.509327316e-16 3.941589574e-16 9.136487006e-17 -2.079807692e-16 -7.172284742e-17 1.441215691e-16 6.192226455e-17 -1.109413440e-16 -5.595172086e-17 9.010873717e-17 
-3.486888889e-01 -6.831867089e-17 1.439730378e-16 1.423835185e-16 -2.673044353e-16 -2.859717853e-16 4.809583535e-16 7.147659989e-16 -1.081878627e-15 -5.903239494e-01 8.071664232e-01 -9.974428470e-16 1.235773224e-15 5.677564406e-16 -6.389218708e-16 -4.231767537e-16 4.333824466e-16 3.495010916e-16 -3.262055710e-16 -3.039109879e-16 2.587831699e-16 
-3.286888889e-01 -4.149944304e-16 4.378603820e-16 8.260181786e-16 -7.948634292e-16 -1.592789003e-15 1.395666933e-15 3.838903951e-15 -3.056799315e-15 -8.108595808e-01 5.852407540e-01 -5.034190635e-15 3.283098087e-15 2.789763889e-15 -1.637650075e-15 -2.029172815e-15 1.067198808e-15 1.638867756e-15 -7.678484888e-16 -1.396201202e-15 5.787186993e-16 
-3.086888889e-01 -2.010292371e-15 1.091824888e-15 3.910818923e-15 -1.897040989e-15 -7.379531951e-15 3.164595446e-15 1.742455617e-14 -6.522308636e-15 -9.520226269e-01 3.060276422e-01 -2.199803733e-14 5.943051006e-15 1.197775640e-14 -2.639769450e-15 -8.567374881e-15 1.474165626e-15 6.809846539e-15 -8.521755318e-16 -5.713854715e-15 4.545299931e-16 
-2.886888889e-01 -8.532739977e-15 1.581179308e-15 1.633267919e-14 -2.257550986e-15 -3.033139071e-14 2.763756000e-15 7.050344965e-14 -3.101904533e-15 -9.999950652e-01 -3.141587486e-03 -8.632316399e-14 -4.341508233e-15 4.630452448e-14 4.512734095e-15 -3.263634455e-14 -4.720253996e-15 2.556791031e-14 4.904281590e-15 -2.114883089e-14 -5.054618935e-15 
-2.686888889e-01 -3.263908119e-14 -4.299510340e-15 6.157266578e-14 1.100372699e-14 -1.126704924e-13 -2.558822243e-14 2.579999287e-13 7.146061698e-14 -9.500810191e-01 -3.120032967e-01 -3.063519151e-13 -1.168519516e-13 1.617719306e-13 7.055802881e-14 -1.122171758e-13 -5.528477346e-14 8.650051047e-14 4.766361691e-14 -7.038147567e-14 -4.302685095e-14 
-2.486888889e-01 -1.127205179e-13 -5.377703341e-14 2.092516707e-13 1.118852773e-13 -3.765118270e-13 -2.244078273e-13 8.470759349e-13 5.602822430e-13 -8.071664232e-01 -5.903239494e-01 -9.683216143e-13 -7.807265835e-13 5.009555452e-13 4.442112211e-13 -3.400699888e-13 -3.310146684e-13 2.562200833e-13 2.733719613e-13 -2.034988302e-13 -2.377480741e-13 
-2.286888889e-01 -3.436507270e-13 -3.261715817e-13 6.238119026e-13 6.489900402e-13 -1.095371345e-12 -1.251049608e-12 2.399409055e-12 3.014522183e-12 -5.852407540e-01 -8.108595808e-01 -2.578442978e-12 -3.952011325e-12 1.286694309e-12 2.189977001e-12 -8.389232104e-13 -1.592961172e-12 6.039685329e-13 1.286691695e-12 -4.555120137e-13 -1.096357591e-12 
-2.086888889e-01 -8.575148221e-13 -1.579690219e-12 1.489889784e-12 3.072851704e-12 -2.485470885e-12 -5.797888768e-12 5.123092169e-12 1.368921042e-11 -3.060276422e-01 -9.520226269e-01 -4.670032386e-12 -1.728154016e-11 2.075061921e-12 9.409816008e-12 -1.159393401e-12 -6.730866481e-12 6.707194796e-13 5.350412238e-12 -3.582176349e-13 -4.489653065e-12 
-1.886888889e-01 -1.242022839e-12 -6.704782819e-12 1.773180184e-12 1.283343577e-11 -2.170644790e-12 -2.383247363e-11 2.436102395e-12 5.539639773e-11 3.141587483e-03 -9.999950652e-01 3.409834059e-12 -6.782636837e-11 -3.544385237e-12 3.638315310e-11 3.707559015e-12 -2.564408260e-11 -3.852376314e-12 2.009053999e-11 3.970808673e-12 -1.661857932e-11 
-1.686888889e-01 3.378861398e-12 -2.564684037e-11 -8.647119400e-12 4.838165344e-11 2.010733003e-11 -8.853204723e-11 -5.615219598e-11 2.027256377e-10 3.120032967e-01 -9.500810191e-01 9.181602529e-11 -2.407196450e-10 -5.544036212e-11 1.271150339e-10 4.343959952e-11 -8.817726148e-11 -3.745164148e-11 6.797035142e-11 3.380874053e-11 -5.530470278e-11 
-1.486888889e-01 4.225690000e-11 -8.857254405e-11 -8.791693703e-11 1.644235588e-10 1.763339140e-10 -2.958509815e-10 -4.402535598e-10 6.656049157e-10 5.903239493e-01 -8.071664233e-01 6.134690462e-10 -7.608780343e-10 -3.490463562e-10 3.936369271e-10 2.601006438e-10 -2.672183243e-10 -2.148074205e-10 2.013316723e-10 1.868158233e-10 -1.599047049e-10 
-1.286888889e-01 2.562968664e-10 -2.700309822e-10 -5.099586779e-10 4.901732549e-10 9.830398647e-10 -8.607104928e-10 -2.368725392e-09 1.885384839e-09 8.108595807e-01 -5.852407542e-01 3.105374990e-09 -2.026067687e-09 -1.720820285e-09 1.011049313e-09 1.251703307e-09 -6.592036944e-10 -1.011046260e-09 4.745827440e-10 8.614876262e-10 -3.579293207e-10 
-1.086888889e-01 1.241276549e-09 -6.738109195e-10 -2.414560920e-09 1.170712843e-09 4.555817894e-09 -1.953011602e-09 -1.075659429e-08 4.025578849e-09 9.520226268e-01 -3.060276428e-01 1.357934418e-08 -3.669581465e-09 -7.393967378e-09 1.630527161e-09 5.288925534e-09 -9.110203337e-10 -4.204204150e-09 5.270334811e-10 3.527843990e-09 -2.814775730e-10 
-8.868888889e-02 5.268429138e-09 -9.759465020e-10 -1.008415129e-08 1.393314448e-09 1.872688332e-08 -1.705630178e-09 -4.352891826e-08 1.914218551e-09 9.999950652e-01 3.141585187e-03 5.329604070e-08 2.679348841e-09 -2.858885216e-08 -2.785075795e-09 2.015039489e-08 2.913293922e-09 -1.578657808e-08 -3.027088115e-09 1.305840869e-08 3.120149447e-09 
-6.868888889e-02 2.015254544e-08 2.655008148e-09 -3.801690289e-08 -6.794651691e-09 6.956591576e-08 1.579975191e-08 -1.592959065e-07 -4.412275555e-08 9.500810218e-01 3.120032884e-01 1.891505428e-07 7.214638348e-08 -9.988330547e-08 -4.356343312e-08 6.928712497e-08 3.413357923e-08 -5.340911465e-08 -2.942841245e-08 4.345680646e-08 2.656592013e-08 
-4.868888889e-02 6.959752995e-08 3.320409120e-08 -1.291988646e-07 -6.908228248e-08 2.324703471e-07 1.385575071e-07 -5.230110222e-07 -3.459370073e-07 8.071664428e-01 5.903239227e-01 5.978741077e-07 4.820448540e-07 -3.093073332e-07 -2.742696202e-07 2.099715054e-07 2.043788104e-07 -1.581997986e-07 -1.687887504e-07 1.256477226e-07 1.467937104e-07 
-2.868888889e-02 2.121796262e-07 2.013868839e-07 -3.851584223e-07 -4.007034707e-07 6.763109041e-07 7.724302477e-07 -1.481454479e-06 -1.861240026e-06 5.852408558e-01 8.108595074e-01 1.592001075e-06 2.440078885e-06 -7.944386079e-07 -1.352148712e-06 5.179721721e-07 9.835346340e-07 -3.729042799e-07 -7.944350346e-07 2.812424415e-07 6.769160150e-07 
-8.688888889e-03 5.294363963e-07 9.752913414e-07 -9.198659193e-07 -1.897161251e-06 1.534533708e-06 3.579579296e-06 -3.162971440e-06 -8.451584736e-06 3.060280953e-01 9.520224811e-01 2.883264272e-06 1.066963449e-05 -1.281113948e-06 -5.809578986e-06 7.157785499e-07 4.155580943e-06 -4.140721681e-07 -3.303273449e-06 2.211371767e-07 2.771813260e-06 
1.131111111e-02 7.668312981e-07 4.138727020e-06 -1.094769995e-06 -7.921811367e-06 1.340163644e-06 1.471118175e-05 -1.504059366e-06 -3.419400882e-05 -3.139781823e-03 9.999950688e-01 -2.105139978e-06 4.186901708e-05 2.188171464e-06 -2.245845156e-05 -2.288848637e-06 1.582905614e-05 2.378155794e-06 -1.240067414e-05 -2.451083163e-06 1.025709019e-05 
3.131111111e-02 -2.082083735e-06 1.582067228e-05 5.330803954e-06 -2.984457063e-05 -1.239876539e-05 5.460958522e-05 3.462799724e-05 -1.250359561e-04 -3.119967807e-01 9.500831275e-01 -5.664533683e-05 1.484999864e-04 3.420125437e-05 -7.840643255e-05 -2.679635292e-05 5.438302427e-05 2.310026381e-05 -4.191498854e-05 -2.084889817e-05 3.409747414e-05 
5.131111111e-02 -2.596945251e-05 5.450655213e-05 5.404623923e-05 -1.011748089e-04 -1.084167382e-04 1.820128152e-04 2.706540691e-04 -4.093239584e-04 -5.903027432e-01 8.071814020e-01 -3.775869344e-04 4.682306980e-04 2.147581883e-04 -2.420981021e-04 -1.599864082e-04 1.642699995e-04 1.320733139e-04 -1.236998682e-04 -1.147738965e-04 9.816808465e-05 
7.131111111e-02 -1.558099102e-04 1.648078002e-04 3.101474777e-04 -2.990091757e-04 -5.978951299e-04 5.245754625e-04 1.439469601e-03 -1.147049365e-03 -8.107972358e-01 5.853168202e-01 -1.894390004e-03 1.235066276e-03 1.048120616e-03 -6.147752485e-04 -7.614560074e-04 3.999665662e-04 6.140690405e-04 -2.872436520e-04 -5.217234224e-04 2.159268393e-04 
9.131111111e-02 -7.265019129e-04 4.012358831e-04 1.413887487e-03 -6.952139934e-04 -2.665746148e-03 1.154720781e-03 6.269640192e-03 -2.361044296e-03 -9.518332968e-01 3.063532690e-01 -8.016110817e-03 2.155610227e-03 4.337503227e-03 -9.442148260e-04 -3.087405087e-03 5.191759235e-04 2.439096039e-03 -2.936179900e-04 -2.025150090e-03 1.513287643e-04 
1.113111111e-01 -2.731250457e-03 5.773914362e-04 5.225054415e-03 -8.242422674e-04 -9.659166308e-03 1.007704266e-03 2.212061614e-02 -1.131204746e-03 -9.990953324e-01 -1.803157579e-03 -2.815620333e-02 -1.533561227e-03 1.476039559e-02 1.575820005e-03 -1.021659010e-02 -1.619245863e-03 7.829753999e-03 1.637829052e-03 -6.248449090e-03 -1.606518348e-03 
1.313111111e-01 -7.671764664e-03 -4.348137811e-04 1.438751084e-02 1.736986699e-03 -2.587686387e-02 -4.825337496e-03 5.663967028e-02 1.438833876e-02 -9.450632608e-01 -3.057305001e-01 -7.391422500e-02 -2.918763975e-02 3.636149202e-02 1.701606465e-02 -2.383493009e-02 -1.291964387e-02 1.719229912e-02 1.057444740e-02 -1.264805115e-02 -8.594264044e-03 
1.513111111e-01 -1.530221195e-02 -4.278500383e-03 2.782986105e-02 1.044621194e-02 -4.781621043e-02 -2.287738152e-02 9.696256244e-02 5.724234765e-02 -7.914464234e-01 -5.641501188e-01 -1.300025097e-01 -1.101797326e-01 5.647912573e-02 5.622894779e-02 -3.321873138e-02 -3.838676083e-02 2.128863293e-02 2.805416276e-02 -1.360411463e-02 -1.956305644e-02 
1.713111111e-01 -2.331650569e-02 -1.099561012e-02 4.041479972e-02 2.536530426e-02 -6.454087580e-02 -5.230175217e-02 1.164245384e-01 1.200928455e-01 -5.629222396e-01 -7.370038164e-01 -1.473517227e-01 -2.464237858e-01 5.034264811e-02 1.090085139e-01 -2.330079836e-02 -6.627541347e-02 1.149499720e-02 4.238109042e-02 -6.084689344e-03 -2.442149449e-02 
1.913111111e-01 -3.017842618e-02 -1.945990054e-02 4.875618441e-02 4.388935410e-02 -6.957767014e-02 -8.657127360e-02 1.043992584e-01 1.834388866e-01 -3.045274882e-01 -8.053595546e-01 -8.683823376e-02 -4.023950835e-01 1.122433975e-02 1.482369672e-01 3.095890956e-03 -7.749283570e-02 -4.620397627e-03 4.148692829e-02 8.383569068e-04 -1.856470198e-02 
2.113111111e-01 -3.556225837e-02 -2.879219644e-02 5.212879112e-02 6.367230783e-02 -6.245355806e-02 -1.196517188e-01 6.616989538e-02 2.319752418e-01 -6.195742222e-02 -7.754761828e-01 5.761460803e-02 -5.290079901e-01 -4.351722924e-02 1.525063853e-01 2.790363427e-02 -6.449341258e-02 -1.229726537e-02 2.678182328e-02 -1.135197753e-03 -8.591877534e-03 
2.313111111e-01 -3.955404214e-02 -3.859036270e-02 5.087336976e-02 8.326974039e-02 -4.534314191e-02 -1.476419554e-01 1.277684561e-02 2.581638861e-01 1.311525341e-01 -6.710169254e-01 2.628389820e-01 -5.845930524e-01 -8.572153841e-02 1.191622388e-01 3.341945476e-02 -3.636223150e-02 -3.993144295e-03 1.080783363e-02 -1.099284235e-02 -4.164335257e-03 
2.513111111e-01 -4.223764631e-02 -4.869186242e-02 4.552338389e-02 1.018077222e-01 -2.110624886e-02 -1.683870500e-01 -4.459551382e-02 2.607505722e-01 2.573862171e-01 -5.234795234e-01 4.881294739e-01 -5.468792419e-01 -9.199090846e-02 6.510999252e-02 1.405657766e-02 -1.203086278e-02 1.542110761e-02 6.776188718e-03 -2.079424966e-02 -9.396803875e-03 
2.713111111e-01 -4.363129941e-02 -5.896228953e-02 3.659844913e-02 1.186361487e-01 7.422968681e-03 -1.808840424e-01 -9.690827406e-02 2.425932545e-01 3.145628493e-01 -3.640028468e-01 6.887988992e-01 -4.169408127e-01 -5.474179295e-02 1.873088097e-02 -2.082026585e-02 -8.694582002e-03 3.302677899e-02 1.935048556e-02 -2.292501314e-02 -2.042316148e-02 
2.913111111e-01 -4.375448154e-02 -6.921465875e-02 2.465808993e-02 1.331802632e-01 3.760768111e-02 -1.849015395e-01 -1.379322941e-01 2.087982746e-01 3.118740372e-01 -2.178570703e-01 8.280630262e-01 -2.160317030e-01 1.454869166e-02 7.643166860e-03 -5.260251918e-02 -3.228397069e-02 3.689055995e-02 4.206225623e-02 -1.578605685e-02 -2.910872041e-02 
3.113111111e-01 -4.269102717e-02 -7.923763037e-02 1.037138665e-02 1.449678413e-01 6.704770737e-02 -1.808303342e-01 -1.641705685e-01 1.653879614e-01 2.650745295e-01 -1.019048489e-01 8.844923930e-01 2.225710305e-02 8.999729556e-02 4.774997367e-02 -6.355313131e-02 -7.457925660e-02 2.358658413e-02 6.183219199e-02 -4.505560526e-03 -2.914366450e-02 
3.313111111e-01 -4.059398047e-02 -8.886441453e-02 -5.500555713e-03 1.537234286e-01 9.366898201e-02 -1.696361984e-01 -1.745229280e-01 1.184208499e-01 1.921441400e-01 -2.444718748e-02 8.540882738e-01 2.612342510e-01 1.409523370e-01 1.376157100e-01 -4.577849166e-02 -1.176155511e-01 6.461115207e-05 6.702528799e-02 2.875599918e-03 -2.021662774e-02 
3.513111111e-01 -3.763980658e-02 -9.801785760e-02 -2.220226869e-02 1.594226003e-01 1.158756642e-01 -1.527731947e-01 -1.698922930e-01 7.338071979e-02 1.101022952e-01 1.349834276e-02 7.478651325e-01 4.689264155e-01 1.423350673e-01 2.594418232e-01 -4.908633459e-03 -1.424626458e-01 -2.049375539e-02 5.412979184e-02 6.980731469e-04 -8.001508484e-03 
3.713111111e-01 -3.397120587e-02 -1.067030103e-01 -3.909635691e-02 1.622577789e-01 1.326839017e-01 -1.319935598e-01 -1.527475008e-01 3.470598292e-02 3.304503441e-02 1.633425096e-02 5.868389570e-01 6.229339921e-01 8.198787340e-02 3.852315287e-01 4.260557089e-02 -1.378959853e-01 -2.595229630e-02 2.963371877e-02 -1.087579889e-02 -5.259421145e-04 
3.913111111e-01 -2.966595264e-02 -1.149582101e-01 -5.572592091e-02 1.625348506e-01 1.437530364e-01 -1.090868963e-01 -1.266059722e-01 5.444023691e-03 -2.883672952e-02 -8.037456225e-03 3.963953535e-01 7.121184867e-01 -3.683517667e-02 4.851998698e-01 7.669735089e-02 -1.052057789e-01 -1.157515336e-02 6.619620462e-03 -2.601489682e-02 -3.412567959e-03 
4.113111111e-01 -2.474616223e-02 -1.227969811e-01 -7.180148434e-02 1.605579726e-01 1.492894553e-01 -8.563640674e-02 -9.544912206e-02 -1.291417366e-02 -6.954150606e-02 -4.995899713e-02 2.014416868e-01 7.358358748e-01 -1.976462467e-01 5.353830788e-01 8.192186457e-02 -5.759833638e-02 1.757431359e-02 -1.748218343e-03 -3.650500754e-02 -1.670903480e-02 
4.313111111e-01 -1.921676003e-02 -1.301677468e-01 -8.713314834e-02 1.565560338e-01 1.498750195e-01 -6.287172238e-02 -6.316787122e-02 -2.038132516e-02 -8.703623717e-02 -9.950033590e-02 2.294060708e-02 7.017978329e-01 -3.759209222e-01 5.223469697e-01 5.345953067e-02 -1.504870777e-02 4.894164381e-02 1.148608866e-02 -3.615151671e-02 -3.482268685e-02 
4.513111111e-01 -1.310819835e-02 -1.369291278e-01 -1.015589452e-01 1.506696472e-01 1.463406112e-01 -4.163897144e-02 -3.320578570e-02 -1.827047930e-02 -8.262046301e-02 -1.476134927e-01 -1.243852709e-01 6.236004949e-01 -5.451233503e-01 4.441572681e-01 -7.632046376e-04 3.062378274e-03 6.801266950e-02 4.375314100e-02 -2.398763158e-02 -4.937556731e-02 
4.713111111e-01 -6.501853693e-03 -1.427940587e-01 -1.149355343e-01 1.429761132e-01 1.398768963e-01 -2.241415596e-02 -8.594724944e-03 -9.086269225e-03 -5.990476599e-02 -1.868751841e-01 -2.342677028e-01 5.186211185e-01 -6.815367331e-01 3.076312063e-01 -6.129869054e-02 -1.458255806e-02 6.443948753e-02 8.371975411e-02 -4.729665943e-03 -5.360070230e-02 
4.913111111e-01 4.660229704e-04 -1.472171311e-01 -1.272545969e-01 1.335137276e-01 1.324717849e-01 -5.160690055e-03 7.760606930e-03 3.221437163e-03 -2.348997475e-02 -2.119572264e-01 -3.122199269e-01 4.052958436e-01 -7.661500828e-01 1.228522955e-01 -1.009134461e-01 -6.394217038e-02 3.640679175e-02 1.159175190e-01 1.418411689e-02 -4.647070501e-02 
5.113111111e-01 7.605955362e-03 -1.496093491e-01 -1.387104451e-01 1.223256172e-01 1.264124098e-01 1.096322666e-02 1.434790636e-02 1.381793770e-02 2.180880602e-02 -2.204265371e-01 -3.733371064e-01 2.945107534e-01 -7.831805860e-01 -9.785625183e-02 -9.748611436e-02 -1.220618163e-01 -8.571526160e-03 1.283270160e-01 2.815267747e-02 -3.285405590e-02 
5.313111111e-01 1.471724303e-02 -1.501674532e-01 -1.493013196e-01 1.095945032e-01 1.216523215e-01 2.695675436e-02 1.380625070e-02 2.038632161e-02 7.038413643e-02 -2.131921710e-01 -4.230475633e-01 1.818100003e-01 -7.221869880e-01 -3.294168597e-01 -5.497823413e-02 -1.629805171e-01 -5.791187909e-02 1.173213699e-01 3.678542019e-02 -1.671797524e-02 
5.513111111e-01 2.170696134e-02 -1.496665518e-01 -1.587482751e-01 9.565512345e-02 1.163093945e-01 4.286872709e-02 1.023738583e-02 2.394603601e-02 1.168631022e-01 -1.927780051e-01 -4.516247924e-01 6.166634817e-02 -5.857289028e-01 -5.374913519e-01 5.985795361e-03 -1.769398566e-01 -9.977611440e-02 8.547377336e-02 3.931326873e-02 8.759238499e-04 
5.713111111e-01 2.858215612e-02 -1.486052769e-01 -1.668614698e-01 8.080424100e-02 1.092670298e-01 5.821928664e-02 5.711462769e-03 2.579399004e-02 1.575872486e-01 -1.615792520e-01 -4.502867905e-01 -6.222500962e-02 -3.882099725e-01 -6.940614413e-01 6.903510888e-02 -1.645552946e-01 -1.256341347e-01 3.879871889e-02 3.461674248e-02 1.787794156e-02 
5.913111111e-01 3.536342782e-02 -1.471650739e-01 -1.735605215e-01 6.524500868e-02 1.002768232e-01 7.256774239e-02 8.976355081e-04 2.649826027e-02 1.901412673e-01 -1.217503277e-01 -4.163861849e-01 -1.815557122e-01 -1.506129144e-01 -7.809260448e-01 1.234672871e-01 -1.293606084e-01 -1.306927245e-01 -1.456278350e-02 2.312685888e-02 3.120962018e-02 
6.113111111e-01 4.205687373e-02 -1.454003657e-01 -1.787986701e-01 4.913294277e-02 8.942105146e-02 8.558202092e-02 -3.949312282e-03 2.624124707e-02 2.127961714e-01 -7.553125987e-02 -3.516408651e-01 -2.874301953e-01 1.024985832e-01 -7.886987515e-01 1.616237703e-01 -7.675312758e-02 -1.139863534e-01 -6.556865593e-02 6.981008360e-03 3.817525218e-02 
6.313111111e-01 4.865739577e-02 -1.433281434e-01 -1.825392565e-01 3.260932493e-02 7.688820180e-02 9.699770438e-02 -8.659117059e-03 2.509022765e-02 2.243802725e-01 -2.537172204e-02 -2.606820685e-01 -3.718795252e-01 3.452815951e-01 -7.164753696e-01 1.784055112e-01 -1.391827203e-02 -7.827488673e-02 -1.056626912e-01 -1.057610152e-02 3.732813763e-02 
6.513111111e-01 5.515460371e-02 -1.409559018e-01 -1.847543620e-01 1.581349400e-02 6.291192428e-02 1.065949889e-01 -1.307731233e-02 2.309881192e-02 2.242976305e-01 2.610942058e-02 -1.502591616e-01 -4.285642684e-01 5.530551914e-01 -5.715656351e-01 1.715992718e-01 5.077598320e-02 -2.950947040e-02 -1.281424193e-01 -2.595915805e-02 2.882921960e-02 
6.713111111e-01 6.153611550e-02 -1.382892662e-01 -1.854267682e-01 -1.114200316e-03 4.775477342e-02 1.141924476e-01 -1.705860964e-02 2.033695271e-02 2.125553799e-01 7.623386144e-02 -2.861249433e-02 -4.532388021e-01 7.047269369e-01 -3.686698724e-01 1.421107447e-01 1.087640269e-01 2.417766246e-02 -1.292541110e-01 -3.601504902e-02 1.441703494e-02 
6.913111111e-01 6.778899222e-02 -1.353339183e-01 -1.845512958e-01 -1.803251545e-02 3.170141291e-02 1.196472605e-01 -2.047117414e-02 1.689741276e-02 1.897648684e-01 1.223959211e-01 9.517175795e-02 -4.440564913e-01 7.849064232e-01 -1.283724377e-01 9.383983964e-02 1.523788119e-01 7.383303348e-02 -1.088109941e-01 -3.868070942e-02 -2.952850284e-03 
7.113111111e-01 7.390029657e-02 -1.320960366e-01 -1.821353871e-01 -3.480028443e-02 1.505317036e-02 1.228570439e-01 -2.320158790e-02 1.289490719e-02 1.571109851e-01 1.621962597e-01 2.118465948e-01 -4.017023652e-01 7.854587691e-01 1.249484199e-01 3.316688679e-02 1.758556511e-01 1.111756175e-01 -7.022193470e-02 -3.340907861e-02 -1.971662611e-02 
7.313111111e-01 7.985730335e-02 -1.285823765e-01 -1.781992455e-01 -5.127757447e-02 -1.877537228e-03 1.237615754e-01 -2.515896615e-02 8.462793965e-03 1.162910457e-01 1.935662342e-01 3.126960411e-01 -3.293401605e-01 7.063277775e-01 3.655935699e-01 -3.188942868e-02 1.760918090e-01 1.299778441e-01 -1.992221484e-02 -2.128184537e-02 -3.243445273e-02 
7.513111111e-01 8.564758493e-02 -1.248002705e-01 -1.727757348e-01 -6.732686418e-02 -1.877301843e-02 1.223438880e-01 -2.627811807e-02 3.748731943e-03 6.942673750e-02 2.148753688e-01 3.901863613e-01 -2.323754625e-01 5.555411182e-01 5.691499399e-01 -9.273133713e-02 1.530560747e-01 1.271041019e-01 3.369986461e-02 -4.787525693e-03 -3.849662271e-02 
7.713111111e-01 9.125905498e-02 -1.207576132e-01 -1.659101254e-01 -8.281419892e-02 -3.531625041e-02 1.186305853e-01 -2.652176261e-02 -1.090224260e-03 1.895389280e-02 2.250161025e-01 4.385288285e-01 -1.180517594e-01 3.483958217e-01 7.149670898e-01 -1.413180944e-01 1.097928029e-01 1.030336270e-01 8.170192777e-02 1.268920493e-02 -3.665916483e-02 
7.913111111e-01 9.667999867e-02 -1.164628443e-01 -1.576597228e-01 -9.761031238e-02 -5.119682178e-02 1.126913430e-01 -2.588178349e-02 -5.892856899e-03 -3.250410258e-02 2.234613610e-01 4.541121404e-01 5.090694077e-03 1.059064023e-01 7.882521310e-01 -1.712285837e-01 5.201956941e-02 6.178057145e-02 1.160788275e-01 2.756206971e-02 -2.729913156e-02 
8.113111111e-01 1.018990985e-01 -1.119249301e-01 -1.480933902e-01 -1.115917069e-01 -6.611675548e-02 1.046376032e-01 -2.437950307e-02 -1.049915751e-02 -8.227265925e-02 2.102919545e-01 4.357721849e-01 1.278528607e-01 -1.473270292e-01 7.815704284e-01 -1.785099039e-01 -1.262844925e-02 1.022457196e-02 1.310976404e-01 3.677911092e-02 -1.233723091e-02 
8.313111111e-01 1.069054584e-01 -1.071533444e-01 -1.372909744e-01 -1.246416849e-01 -7.979609957e-02 9.462048326e-02 -2.206497271e-02 -1.475565848e-02 -1.277649985e-01 1.861923784e-01 3.848790007e-01 2.410641117e-01 -3.856144018e-01 6.955998284e-01 -1.621997725e-01 -7.560752170e-02 -4.303654597e-02 1.242537279e-01 3.844896294e-02 5.156308212e-03 
8.513111111e-01 1.116886263e-01 -1.021580491e-01 -1.253426394e-01 -1.366513228e-01 -9.197818006e-02 8.282794065e-02 -1.901530544e-02 -1.852054635e-02 -1.666166029e-01 1.524152362e-01 3.052344308e-01 3.362672946e-01 -5.847818952e-01 5.390618918e-01 -1.244536983e-01 -1.285944809e-01 -8.912059965e-02 9.668842687e-02 3.222896694e-02 2.159175666e-02 
8.713111111e-01 1.162386161e-01 -9.694947330e-02 -1.123481137e-01 -1.475203804e-01 -1.024344170e-01 6.948124613e-02 -1.533210676e-02 -2.166838666e-02 -1.968081151e-01 1.107161344e-01 2.027881158e-01 4.063505029e-01 -7.246243297e-01 3.278371074e-01 -7.026011427e-02 -1.645866941e-01 -1.203423019e-01 5.299871265e-02 1.939548563e-02 3.359650879e-02 
8.913111111e-01 1.205459286e-01 -9.153849107e-02 -9.841585794e-02 -1.571581375e-01 -1.109686137e-01 5.483083200e-02 -1.113808951e-02 -2.409430306e-02 -2.167702960e-01 6.326243246e-02 8.519304152e-02 4.460783528e-01 -7.909549447e-01 8.335384514e-02 -6.781117809e-03 -1.788275146e-01 -1.314949114e-01 4.705761762e-04 2.581989724e-03 3.870715172e-02 
9.113111111e-01 1.246015712e-01 -8.593639925e-02 -8.366215982e-02 -1.654841512e-01 -1.174206375e-01 3.915159304e-02 -6.572985420e-03 -2.571747150e-02 -2.254655880e-01 1.252059179e-02 -3.876615758e-02 4.524830783e-01 -7.770446203e-01 -1.695855130e-01 5.759405533e-02 -1.694349088e-01 -1.207185439e-01 -5.213603675e-02 -1.476133859e-02 3.587496549e-02 
9.313111111e-01 1.283970766e-01 -8.015489359e-02 -6.821016323e-02 -1.724289271e-01 -1.216694253e-01 2.273772852e-02 -1.788889705e-03 -2.648381301e-02 -2.224420432e-01 -3.887202124e-02 -1.598294316e-01 4.250862312e-01 -6.843045333e-01 -4.053207295e-01 1.143577328e-01 -1.376501816e-01 -8.981033900e-02 -9.604809307e-02 -2.907559383e-02 2.568112359e-02 
9.513111111e-01 1.319245209e-01 -7.420604444e-02 -5.218884051e-02 -1.779344998e-01 -1.236352544e-01 5.897221920e-03 3.054806304e-03 -2.636779544e-02 -2.078568137e-01 -8.824421564e-02 -2.689530632e-01 3.659344216e-01 -5.221429970e-01 -5.999368957e-01 1.560081596e-01 -8.767392814e-02 -4.392475709e-02 -1.239425225e-01 -3.742344585e-02 1.021743442e-02 
9.713111111e-01 1.351765396e-01 -6.810227153e-02 -3.573191598e-02 -1.819549160e-01 -1.232812387e-01 -1.105393790e-02 7.796725577e-03 -2.537328414e-02 -1.824679840e-01 -1.330298140e-01 -3.579852551e-01 2.794464319e-01 -3.070110039e-01 -7.336905557e-01 1.770409127e-01 -2.611089333e-02 9.286013132e-03 -1.311674622e-01 -3.809188917e-02 -7.342904392e-03 
9.913111111e-01 1.381463433e-01 -6.185631801e-02 -1.897674977e-02 -1.844566189e-01 -1.206140208e-01 -2.779768584e-02 1.227888197e-02 -2.353341317e-02 -1.475951680e-01 -1.709010327e-01 -4.202750886e-01 1.720831226e-01 -6.073330327e-02 -7.930126443e-01 1.746763527e-01 3.890289610e-02 6.094818527e-02 -1.165180324e-01 -3.094375713e-02 -2.339645615e-02 
1.011311111e+00 1.408277318e-01 -5.548122388e-02 -2.063191345e-03 -1.854187275e-01 -1.156836475e-01 -4.401984860e-02 1.635194383e-02 -2.090948136e-02 -1.050509211e-01 -1.998894709e-01 -4.511693636e-01 5.186479067e-02 1.917056804e-01 -7.718850434e-01 1.492269743e-01 9.877536973e-02 1.024462275e-01 -8.243727090e-02 -1.744586887e-02 -3.464898158e-02 
1.031311111e+00 1.432151070e-01 -4.899029875e-02 1.486758781e-02 -1.848332116e-01 -1.085826302e-01 -5.941603971e-02 1.988020930e-02 -1.758891003e-02 -5.704653000e-02 -2.184884208e-01 -4.483602036e-01 -7.222796565e-02 4.246964718e-01 -6.724511097e-01 1.040561078e-01 1.455939214e-01 1.268596470e-01 -3.460871486e-02 -3.680335033e-04 -3.879142711e-02 
1.051311111e+00 1.453034847e-01 -4.239709407e-02 3.167427247e-02 -1.827049582e-01 -9.944420990e-02 -7.369737090e-02 2.274612742e-02 -1.368233040e-02 -6.077079020e-03 -2.257311802e-01 -4.120574595e-01 -1.909251195e-01 6.146025791e-01 -5.047982349e-01 4.513342939e-02 1.731711208e-01 1.301170973e-01 1.899142356e-02 1.678532350e-02 -3.497374988e-02 
1.071311111e+00 1.470885048e-01 -3.571537479e-02 4.821658316e-02 -1.790517310e-01 -8.843985634e-02 -8.659587271e-02 2.485421464e-02 -9.319897666e-03 4.520823523e-02 -2.212412983e-01 -3.449730335e-01 -2.953597083e-01 7.421583733e-01 -2.859344978e-01 -1.975397756e-02 1.778624297e-01 1.116753441e-01 6.942442428e-02 3.049427937e-02 -2.397934927e-02 
