# nmin = 1 nmax = 11 
#   t        realpha           imalpha
#
#
-4.886888889e-01 0.000000000e+00 0.000000000e+00 0.000000000e+00 0.000000000e+00 9.999982235e-01 1.884954476e-03 0.000000000e+00 0.000000000e+00 0.000000000e+00 0.000000000e+00 0.000000000e+00 0.000000000e+00 0.000000000e+00 0.000000000e+00 0.000000000e+00 0.000000000e+00 0.000000000e+00 0.000000000e+00 0.000000000e+00 0.000000000e+00 
-4.686888889e-01 0.000000000e+00 0.000000000e+00 0.000000000e+00 0.000000000e+00 9.819323004e-01 1.892325484e-01 0.000000000e+00 0.000000000e+00 0.000000000e+00 0.000000000e+00 0.000000000e+00 0.000000000e+00 0.000000000e+00 0.000000000e+00 0.000000000e+00 0.000000000e+00 0.000000000e+00 0.000000000e+00 0.000000000e+00 0.000000000e+00 
-4.486888889e-01 0.000000000e+00 0.000000000e+00 0.000000000e+00 0.000000000e+00 9.290809361e-01 3.698764850e-01 0.000000000e+00 0.000000000e+00 0.000000000e+00 0.000000000e+00 0.000000000e+00 0.000000000e+00 0.000000000e+00 0.000000000e+00 0.000000000e+00 0.000000000e+00 0.000000000e+00 0.000000000e+00 0.000000000e+00 0.000000000e+00 
-4.286888889e-01 1.460500616e-18 8.176558525e-19 -4.064989936e-18 -2.430443770e-18 8.433164164e-01 5.374173628e-01 5.543613890e-18 3.759088354e-18 -3.036600229e-18 -2.187961329e-18 2.169715885e-18 1.659282189e-18 -1.717024034e-18 -1.392392463e-18 1.432182331e-18 1.230684209e-18 -1.232530648e-18 -1.121738225e-18 1.082357043e-18 1.042979901e-18 
-4.086888889e-01 4.160065418e-18 3.255149925e-18 -1.135224852e-17 -9.755678522e-18 7.276769923e-01 6.859199625e-01 1.472021541e-17 1.521212930e-17 -7.815130933e-18 -8.856322889e-18 5.387945532e-18 6.701996407e-18 -4.093681460e-18 -5.599125522e-18 3.260274341e-18 4.916059123e-18 -2.662360099e-18 -4.441583932e-18 2.202725168e-18 4.084921505e-18 
-3.886888889e-01 1.197390060e-17 1.351281699e-17 -3.204127109e-17 -3.996344679e-17 5.862592479e-01 8.101235056e-01 3.951958004e-17 6.070949726e-17 -2.033161758e-17 -3.487804351e-17 1.351238000e-17 2.603622112e-17 -9.835767888e-18 -2.144706744e-17 7.448449014e-18 1.855707049e-17 -5.729306825e-18 -1.651320553e-17 4.410639188e-18 1.494975010e-17 
-3.686888889e-01 3.388234495e-17 5.722890229e-17 -8.822215740e-17 -1.668689473e-16 4.240729774e-01 9.056280196e-01 1.013737209e-16 2.469416084e-16 -4.977958032e-17 -1.401349213e-16 3.123875138e-17 1.033730018e-16 -2.114974621e-17 -8.417710062e-17 1.456813022e-17 7.202677126e-17 -9.834793452e-18 -6.340894250e-17 6.232364830e-18 5.681878248e-17 
-3.486888889e-01 8.450615265e-17 2.355395298e-16 -2.078887473e-16 -6.791080972e-16 2.468637102e-01 9.690502095e-01 2.013365467e-16 9.840094882e-16 -8.605920053e-17 -5.528965670e-16 4.356356995e-17 4.039885207e-16 -1.992349465e-17 -3.259829677e-16 4.279725690e-18 2.765147019e-16 7.027416990e-18 -2.414334633e-16 -1.559484141e-17 2.146740399e-16 
-3.286888889e-01 1.464942098e-16 9.356880065e-16 -2.903391852e-16 -2.672089975e-15 6.090917303e-02 9.981433127e-01 5.193034801e-17 3.800792891e-15 7.073781198e-17 -2.116567778e-15 -1.229933740e-16 1.533061530e-15 1.554648722e-16 -1.226534735e-15 -1.784860267e-16 1.031796220e-15 1.956370745e-16 -8.936437555e-16 -2.085638772e-16 7.883892266e-16 
-3.086888889e-01 -1.201019233e-16 3.588872631e-15 8.183799480e-16 -1.015760575e-14 -1.272031020e-01 9.918766914e-01 -2.504953864e-15 1.419220232e-14 1.765150612e-15 -7.833032585e-15 -1.545176985e-15 5.623194161e-15 1.448385630e-15 -4.458954863e-15 -1.395914001e-15 3.717754167e-15 1.361884698e-15 -3.191442059e-15 -1.335598737e-15 2.790601920e-15 
-2.886888889e-01 -2.999505615e-15 1.328643248e-14 1.027045369e-14 -3.726426235e-14 -3.108091436e-01 9.504723437e-01 -1.941817995e-14 5.109940529e-14 1.214195840e-14 -2.793214020e-14 -9.751870436e-15 1.985538530e-14 8.564063464e-15 -1.558683710e-14 -7.842209655e-15 1.286290844e-14 7.341929032e-15 -1.092640117e-14 -6.959768908e-15 9.451720544e-15 
-2.686888889e-01 -2.062291525e-14 4.737694338e-14 6.476133634e-14 -1.315566198e-13 -4.834046165e-01 8.753970395e-01 -1.086786490e-13 1.766105916e-13 6.509754144e-14 -9.545526222e-14 -5.045063755e-14 6.705839614e-14 4.299097389e-14 -5.199727768e-14 -3.836569508e-14 4.236044394e-14 3.512585313e-14 -3.550001238e-14 -3.265441393e-14 3.027623523e-14 
-2.486888889e-01 -1.105295956e-13 1.618864239e-13 3.348481870e-13 -4.441991007e-13 -6.388752397e-01 7.693103587e-01 -5.305251580e-13 5.808746470e-13 3.104343676e-13 -3.094358289e-13 -2.356685941e-13 2.140293259e-13 1.971654861e-13 -1.632081061e-13 -1.730804233e-13 1.305848728e-13 1.561315984e-13 -1.073224722e-13 -1.432093342e-13 8.961239818e-14 
-2.286888889e-01 -5.269645692e-13 5.246913796e-13 1.563563986e-12 -1.417257916e-12 -7.717133891e-01 6.359704750e-01 -2.389899290e-12 1.787480368e-12 1.376785899e-12 -9.324291357e-13 -1.030354871e-12 6.300489594e-13 8.507491408e-13 -4.680358270e-13 -7.378077174e-13 3.635870318e-13 6.581130522e-13 -2.889477372e-13 -5.973695960e-13 2.321364484e-13 
-2.086888889e-01 -2.336701790e-12 1.580645654e-12 6.834048291e-12 -4.169886154e-12 -8.772132070e-01 4.801010201e-01 -1.017653407e-11 4.962105137e-12 5.793377516e-12 -2.495968079e-12 -4.287464405e-12 1.615422380e-12 3.503001818e-12 -1.139359589e-12 -3.007881435e-12 8.304188369e-13 2.657843773e-12 -6.089281639e-13 -2.391099705e-12 4.404014393e-13 
-1.886888889e-01 -9.831274000e-12 4.229154904e-12 2.843109701e-11 -1.068088788e-11 -9.516373097e-01 3.072237472e-01 -4.144992837e-11 1.125702998e-11 2.336314243e-11 -5.182863507e-12 -1.712545654e-11 2.972031852e-12 1.386376588e-11 -1.755641156e-12 -1.179910031e-11 9.563430228e-13 1.033724526e-11 -3.797913602e-13 -9.223430720e-12 -5.860135272e-14 
-1.686888889e-01 -3.964230994e-11 8.771139248e-12 1.135403111e-10 -1.959141999e-11 -9.923491862e-01 1.234629199e-01 -1.624641699e-10 1.248380877e-11 9.074638648e-11 -2.705817554e-12 -6.593023346e-11 -1.098648278e-12 5.291095100e-11 3.312882191e-12 -4.464884245e-11 -4.823752736e-12 3.879143116e-11 5.933079589e-12 -3.432919445e-11 -6.774968886e-12 
-1.486888889e-01 -1.539610144e-10 4.505168175e-12 4.370315414e-10 7.704680836e-12 -9.979065981e-01 -6.467164290e-02 -6.142923753e-10 -6.896911554e-11 3.400872935e-10 5.442504264e-11 -2.449061555e-10 -5.096140697e-11 1.948161544e-10 4.995777003e-11 -1.629536195e-10 -4.971476523e-11 1.403375622e-10 4.968482700e-11 -1.231106948e-10 -4.965006619e-11 
-1.286888889e-01 -5.769338927e-10 -9.265672700e-11 1.623108625e-09 3.393805949e-10 -9.681126713e-01 -2.505151804e-01 -2.240115496e-09 -6.936888311e-10 1.228636902e-09 4.445686597e-10 -8.764092696e-10 -3.640008247e-10 6.904637525e-10 3.246537011e-10 -5.719016637e-10 -3.010982717e-10 4.876448491e-10 2.849098006e-10 -4.234741263e-10 -2.725343295e-10 
-1.086888889e-01 -2.084061447e-09 -7.554032621e-10 5.807214878e-09 2.418498992e-09 -9.040228706e-01 -4.274840926e-01 -7.854608955e-09 -4.177425541e-09 4.262453070e-09 2.530064208e-09 -3.007159520e-09 -1.979445085e-09 2.342209257e-09 1.700637470e-09 -1.917135688e-09 -1.528577496e-09 1.614662847e-09 1.408356607e-09 -1.384329731e-09 -1.316623192e-09 
-8.868888889e-02 -7.229206275e-09 -4.296468710e-09 1.992119616e-08 1.314059541e-08 -8.079076095e-01 -5.893091672e-01 -2.630039616e-08 -2.115059990e-08 1.408537904e-08 1.245822758e-08 -9.798978618e-09 -9.514020559e-09 7.519254660e-09 8.002363971e-09 -6.057541321e-09 -7.059018620e-09 5.015845555e-09 6.396002297e-09 -4.222725659e-09 -5.890425005e-09 
-6.868888889e-02 -2.388521274e-08 -2.114961884e-08 6.489455447e-08 6.312922252e-08 -6.831718210e-01 -7.302576689e-01 -8.297243874e-08 -9.751299441e-08 4.363263534e-08 5.643794952e-08 -2.975242295e-08 -4.241941510e-08 2.233168193e-08 3.516570443e-08 -1.755524098e-08 -3.061127987e-08 1.414470709e-08 2.740006640e-08 -1.154856575e-08 -2.495224577e-08 
-4.868888889e-02 -7.397286015e-08 -9.579219839e-08 1.969508271e-07 2.813792892e-07 -5.342343401e-01 -8.453364240e-01 -2.398752940e-07 -4.223600659e-07 1.224756780e-07 2.413304068e-07 -8.071683450e-08 -1.792239939e-07 5.822011100e-08 1.469182053e-07 -4.365845233e-08 -1.265509204e-07 3.323195806e-08 1.121600170e-07 -2.529760157e-08 -1.011927589e-07 
-2.868888889e-02 -2.075603037e-07 -4.095457508e-07 5.339027887e-07 1.188539896e-06 -3.663713824e-01 -9.304687046e-01 -5.936406299e-07 -1.744410109e-06 2.848448393e-07 9.863614925e-07 -1.733820778e-07 -7.252417884e-07 1.125143608e-07 5.888644827e-07 -7.272959287e-08 -5.026157413e-07 4.410593281e-08 4.415769157e-07 -2.233543422e-08 -3.950672274e-07 
-8.688888889e-03 -4.823185651e-07 -1.673620632e-06 1.144633474e-06 4.808332876e-06 -1.855296956e-01 -9.826386579e-01 -9.720940232e-07 -6.922172948e-06 3.602687428e-07 3.877940631e-06 -1.305362510e-07 -2.825694826e-06 6.662919407e-10 2.274241445e-06 8.627433887e-08 -1.924567767e-06 -1.495441564e-07 1.676765798e-06 1.976022981e-07 -1.487970229e-06 
1.131111111e-02 -6.076076454e-07 -6.578285722e-06 8.473477272e-07 1.872799672e-05 1.883871063e-03 -9.999982248e-01 1.298153835e-06 -2.648165395e-05 -1.414056218e-06 1.470432887e-05 1.522121442e-06 -1.062050643e-05 -1.614038457e-06 8.473530297e-06 1.689407580e-06 -7.108852210e-06 -1.748967141e-06 6.140533376e-06 1.793740396e-06 -5.402810033e-06 
3.131111111e-02 2.408935368e-06 -2.492763386e-05 -1.014565464e-05 7.033800641e-05 1.892285113e-01 -9.819330673e-01 2.364870811e-05 -9.769484189e-05 -1.571328875e-05 5.375066677e-05 1.321436172e-05 -3.846484177e-05 -1.203108775e-05 3.040344633e-05 1.134171453e-05 -2.526700493e-05 -1.087469331e-05 2.161760820e-05 1.051556719e-05 -1.883669202e-05 
5.131111111e-02 2.660495860e-05 -9.093345766e-05 -8.752676481e-05 2.541711501e-04 3.698619535e-01 -9.290865525e-01 1.572059840e-04 -3.463610306e-04 -9.653327458e-05 1.885998154e-04 7.639960531e-05 -1.335403661e-04 -6.627765556e-05 1.044045058e-04 6.006242974e-05 -8.579032483e-05 -5.572271960e-05 7.254374333e-05 5.238588186e-05 -6.244054151e-05 
7.131111111e-02 1.618539996e-04 -3.167698699e-04 -5.010080209e-04 8.755573218e-04 5.373664697e-01 -8.433462271e-01 8.245722586e-04 -1.167621002e-03 -4.891742059e-04 6.274303149e-04 3.759635256e-04 -4.382053744e-04 -3.179529088e-04 3.376641808e-04 2.817278453e-04 -2.732142134e-04 -2.561254621e-04 2.272416409e-04 2.362247573e-04 -1.920896893e-04 
9.131111111e-02 7.947131521e-04 -1.028026584e-03 -2.388374099e-03 2.796920177e-03 6.857386632e-01 -7.278073174e-01 3.774467503e-03 -3.633125028e-03 -2.190237316e-03 1.912373740e-03 1.650794392e-03 -1.307182313e-03 -1.370918428e-03 9.838978990e-04 1.193686533e-03 -7.757407942e-04 -1.066324427e-03 6.268261172e-04 9.640418315e-04 -5.125481878e-04 
1.113111111e-01 3.228448369e-03 -2.910176933e-03 -9.504857623e-03 7.694005660e-03 8.093814199e-01 -5.867198406e-01 1.487354302e-02 -9.620652530e-03 -8.445079800e-03 4.852395664e-03 6.245307152e-03 -3.170153984e-03 -5.086878537e-03 2.266187361e-03 4.336925217e-03 -1.682944307e-03 -3.779838983e-03 1.267972705e-03 3.300077476e-03 -9.552575812e-04 
1.313111111e-01 9.944203684e-03 -6.387219567e-03 -2.866008710e-02 1.587400396e-02 9.022496898e-01 -4.254729834e-01 4.598158122e-02 -1.815041324e-02 -2.524455270e-02 8.150476312e-03 1.814074995e-02 -4.637660715e-03 -1.431736610e-02 2.764037113e-03 1.176038234e-02 -1.593397953e-03 -9.776865053e-03 8.254510112e-04 7.942036708e-03 -3.633833708e-04 
1.513111111e-01 2.181887956e-02 -1.011426268e-02 -6.121086600e-02 2.202635140e-02 9.571653546e-01 -2.515694528e-01 1.033144248e-01 -1.771043171e-02 -5.358855933e-02 4.551067966e-03 3.665561346e-02 -1.144099401e-04 -2.736714199e-02 -2.010806502e-03 2.103927047e-02 3.008468092e-03 -1.609816659e-02 -3.224523939e-03 1.159376321e-02 2.639413228e-03 
1.713111111e-01 3.650078230e-02 -1.219262868e-02 -9.902213089e-02 2.005613657e-02 9.701313874e-01 -7.580661037e-02 1.754785136e-01 7.317362405e-03 -8.356647491e-02 -1.325741487e-02 5.288922179e-02 1.444636742e-02 -3.615252738e-02 -1.386191052e-02 2.507151071e-02 1.210870389e-02 -1.699140636e-02 -9.399593993e-03 1.051483020e-02 5.608641410e-03 
1.913111111e-01 5.167480231e-02 -1.206200228e-02 -1.346117444e-01 8.932867214e-03 9.435640030e-01 9.047479802e-02 2.445424063e-01 6.349027624e-02 -1.034006177e-01 -4.447155850e-02 5.832146902e-02 3.559505652e-02 -3.489127396e-02 -2.779723885e-02 2.080748264e-02 2.006493623e-02 -1.211330828e-02 -1.243243216e-02 6.756705130e-03 4.974966718e-03 
2.113111111e-01 6.631691115e-02 -9.930692576e-03 -1.645966160e-01 -9.596942568e-03 8.838649027e-01 2.384316487e-01 2.957040296e-01 1.480117246e-01 -1.062904160e-01 -8.178742164e-02 5.045392863e-02 5.539488820e-02 -2.449640840e-02 -3.648631232e-02 1.178244562e-02 2.131457322e-02 -6.393700290e-03 -9.460387728e-03 4.773394455e-03 9.211686021e-04 
2.313111111e-01 8.008014283e-02 -6.095037075e-03 -1.878233497e-01 -3.337803833e-02 7.989283329e-01 3.623568138e-01 3.188643748e-01 2.526213213e-01 -9.132864269e-02 -1.157150690e-01 3.268590205e-02 6.628407297e-02 -1.087679591e-02 -3.533581778e-02 4.525805904e-03 1.477787238e-02 -4.948132221e-03 -2.478882819e-03 6.609549008e-03 -3.250266821e-03 
2.513111111e-01 9.283222593e-02 -7.911872722e-04 -2.040582365e-01 -6.048118707e-02 6.968366807e-01 4.593349711e-01 3.086537167e-01 3.664543215e-01 -6.266339028e-02 -1.378952184e-01 1.212679243e-02 6.427812942e-02 -1.329561299e-03 -2.475073777e-02 4.152211246e-03 4.217536551e-03 -9.339142959e-03 3.642224813e-03 1.077328640e-02 -4.394764470e-03 
2.713111111e-01 1.044880853e-01 5.773309689e-03 -2.134803767e-01 -8.925001115e-02 5.851407875e-01 5.286858894e-01 2.641675745e-01 4.781554655e-01 -2.780892895e-02 -1.432666361e-01 -3.361742650e-03 5.018288867e-02 -1.002603316e-03 -9.595460819e-03 1.157275022e-02 -4.302143287e-03 -1.696166776e-02 4.749916140e-03 1.402177216e-02 -1.910634198e-03 
2.913111111e-01 1.149793999e-01 1.338251357e-02 -2.165120294e-01 -1.182609905e-01 4.704783272e-01 5.714080914e-01 1.882778538e-01 5.774509077e-01 4.528523426e-03 -1.309888737e-01 -7.939265683e-03 2.891739979e-02 -1.077059528e-02 3.300595557e-03 2.332206076e-02 -5.899658224e-03 -2.311020077e-02 2.557996743e-05 1.396329624e-02 2.134488905e-03 
3.113111111e-01 1.242692756e-01 2.181051576e-02 -2.137621020e-01 -1.463154525e-01 3.584093593e-01 5.897080937e-01 8.662887127e-02 6.561435569e-01 2.653519012e-02 -1.041764256e-01 4.958066974e-04 7.522540654e-03 -2.718384755e-02 8.207050327e-03 3.366071559e-02 6.297898124e-04 -2.403043621e-02 -7.727470475e-03 1.063081259e-02 4.682965518e-03 
3.313111111e-01 1.323657198e-01 3.084523990e-02 -2.059857820e-01 -1.724622851e-01 2.533673630e-01 5.866262324e-01 -3.344227314e-02 7.085710350e-01 3.279359417e-02 -6.878704376e-02 2.003798825e-02 -7.234750543e-03 -4.420567724e-02 2.750943941e-03 3.759204346e-02 1.241129807e-02 -1.908279551e-02 -1.392321731e-02 6.272223439e-03 3.767848805e-03 
3.513111111e-01 1.393167159e-01 4.031362543e-02 -1.940259798e-01 -1.960177974e-01 1.586615284e-01 5.657267465e-01 -1.638735194e-01 7.316604436e-01 2.099169176e-02 -3.214613539e-02 4.577461805e-02 -1.080032183e-02 -5.576572745e-02 -1.142806809e-02 3.322444714e-02 2.408845039e-02 -1.096599356e-02 -1.484943452e-02 3.801182133e-03 -3.224801744e-04 
3.713111111e-01 1.451899359e-01 5.009046013e-02 -1.787403801e-01 -2.165558007e-01 7.651143961e-02 5.308186823e-01 -2.966529651e-01 7.247341900e-01 -8.101205951e-03 -1.537341308e-03 7.148672158e-02 -1.802774317e-03 -5.800462179e-02 -2.962891611e-02 2.247432009e-02 3.041411661e-02 -4.140163810e-03 -9.631030219e-03 5.012877008e-03 -5.327529444e-03 
3.913111111e-01 1.500494789e-01 6.008735758e-02 -1.609350044e-01 -2.338634905e-01 8.121526533e-03 4.857004588e-01 -4.244020795e-01 6.891811792e-01 -5.116281355e-02 1.687563328e-02 9.139430854e-02 1.801785575e-02 -5.041986956e-02 -4.602342379e-02 1.001758767e-02 2.854571019e-02 -2.473394730e-03 -5.876127763e-04 9.590248121e-03 -8.387739668e-03 
4.113111111e-01 1.539401348e-01 7.023005614e-02 -1.413227039e-01 -2.478795791e-01 -4.620101175e-02 4.339527450e-01 -5.408023299e-01 6.280485194e-01 -1.030760077e-01 1.871055617e-02 1.014466726e-01 4.465397872e-02 -3.569210440e-02 -5.570985904e-02 1.171897338e-03 1.910289288e-02 -7.351055699e-03 8.000475409e-03 1.533303725e-02 -7.635571017e-03 
4.313111111e-01 1.568790541e-01 8.043507301e-02 -1.205093975e-01 -2.586422698e-01 -8.691641824e-02 3.788345309e-01 -6.409059399e-01 5.455513466e-01 -1.576589630e-01 1.658646789e-03 9.992953909e-02 7.303159695e-02 -1.848713471e-02 -5.617502041e-02 -2.856870048e-04 5.730922632e-03 -1.707799118e-02 1.195723739e-02 1.935424223e-02 -3.159112295e-03 
4.513111111e-01 1.588362059e-01 9.058874107e-02 -9.898729404e-02 -2.662829166e-01 -1.152303081e-01 3.233874788e-01 -7.213911435e-01 4.464087006e-01 -2.080705800e-01 -3.445221674e-02 8.740731798e-02 9.821077858e-02 -3.783718971e-03 -4.786627725e-02 6.456741220e-03 -6.427274505e-03 -2.769545068e-02 9.084155203e-03 1.956718350e-02 3.087921726e-03 
4.713111111e-01 1.596573448e-01 1.005143525e-01 -7.707687950e-02 -2.711284468e-01 -1.335006167e-01 2.709311948e-01 -7.808887589e-01 3.346807040e-01 -2.463805074e-01 -8.749862854e-02 6.613056480e-02 1.164737944e-01 4.844226138e-03 -3.404999313e-02 1.888208249e-02 -1.260907364e-02 -3.474032064e-02 3.569672712e-05 1.577413112e-02 8.373548340e-03 
4.913111111e-01 1.589174128e-01 1.099183422e-01 -5.473443234e-02 -2.739531758e-01 -1.463865960e-01 2.256931855e-01 -8.202529162e-01 2.117069630e-01 -2.622556970e-01 -1.520560643e-01 3.895816886e-02 1.264558824e-01 6.949306854e-03 -2.015513864e-02 3.177049003e-02 -1.012460115e-02 -3.526741616e-02 -1.220969245e-02 9.830695376e-03 1.093635689e-02 
5.113111111e-01 1.561148026e-01 1.184653430e-01 -3.147769249e-02 -2.758089792e-01 -1.603805711e-01 1.906579753e-01 -8.406761851e-01 7.587482389e-02 -2.460510289e-01 -2.179484478e-01 8.071837579e-03 1.292769050e-01 5.944068816e-03 -1.111194075e-02 3.943484772e-02 1.745936969e-04 -2.909968596e-02 -2.417620476e-02 4.132786851e-03 1.127759127e-02 
5.313111111e-01 1.515028585e-01 1.261250671e-01 -7.121040426e-03 -2.767839108e-01 -1.779095742e-01 1.625888399e-01 -8.395036812e-01 -7.058283839e-02 -2.000086497e-01 -2.740470763e-01 -2.476171820e-02 1.254157661e-01 5.504531693e-03 -6.892175486e-03 3.939691283e-02 1.411729694e-02 -1.781122272e-02 -3.323632023e-02 -6.828048575e-04 1.058025926e-02 
5.513111111e-01 1.458711882e-01 1.331563459e-01 1.784380676e-02 -2.761090865e-01 -1.961072677e-01 1.357586143e-01 -8.127850954e-01 -2.195027509e-01 -1.354292433e-01 -3.146364935e-01 -5.685773545e-02 1.137596233e-01 6.075826611e-03 -4.534117883e-03 3.258883675e-02 2.740499414e-02 -3.404683173e-03 -3.741262868e-02 -4.866995079e-03 8.790387043e-03 
5.713111111e-01 1.397097871e-01 1.397621505e-01 4.287530137e-02 -2.733068269e-01 -2.121425286e-01 1.075277344e-01 -7.594988256e-01 -3.628909563e-01 -6.126245953e-02 -3.379254441e-01 -8.523630304e-02 9.409065332e-02 6.798346577e-03 -2.406242677e-03 2.087166203e-02 3.733052084e-02 1.169218111e-02 -3.562061131e-02 -8.063204851e-03 5.661760250e-03 
5.913111111e-01 1.331965971e-01 1.460244394e-01 6.761585815e-02 -2.682556933e-01 -2.246652201e-01 7.751942466e-02 -6.809592380e-01 -4.947215859e-01 1.674376153e-02 -3.432550113e-01 -1.074403798e-01 6.750678162e-02 7.102385387e-03 -1.743677258e-04 6.208006483e-03 4.235982575e-02 2.490727828e-02 -2.797521568e-02 -9.669394081e-03 1.517304914e-03 
6.113111111e-01 1.263906709e-01 1.519646667e-01 9.181049098e-02 -2.609682564e-01 -2.331046959e-01 4.609657732e-02 -5.797191184e-01 -6.102144082e-01 9.403305868e-02 -3.306084427e-01 -1.216805375e-01 3.590215966e-02 6.769288279e-03 2.054206135e-03 -9.329811651e-03 4.179192276e-02 3.399810666e-02 -1.568829259e-02 -9.326910455e-03 -2.900841613e-03 
6.313111111e-01 1.193175762e-01 1.575820819e-01 1.152434480e-01 -2.515015299e-01 -2.372058754e-01 1.381248306e-02 -4.591539956e-01 -7.054138420e-01 1.664683684e-01 -3.007363084e-01 -1.268496470e-01 1.618758059e-03 5.773239808e-03 4.073499326e-03 -2.364932762e-02 3.569894289e-02 3.743021195e-02 -7.906564402e-04 -7.084577042e-03 -6.715769955e-03 
6.513111111e-01 1.119947189e-01 1.628687635e-01 1.377155527e-01 -2.399348163e-01 -2.368654031e-01 -1.873167812e-02 -3.232867259e-01 -7.771200683e-01 2.302580454e-01 -2.552208830e-01 -1.225482273e-01 -3.278553179e-02 4.197947945e-03 5.680554830e-03 -3.484733991e-02 2.488701793e-02 3.462395471e-02 1.423782558e-02 -3.393199450e-03 -9.151438865e-03 
6.713111111e-01 1.044379435e-01 1.678148843e-01 1.590383907e-01 -2.263651091e-01 -2.320827532e-01 -5.092508581e-02 -1.766469258e-01 -8.229371143e-01 2.820809968e-01 -1.964366652e-01 -1.090936876e-01 -6.474089177e-02 2.198455198e-03 6.711914519e-03 -4.144104936e-02 1.078566636e-02 2.604475492e-02 2.689184204e-02 9.930479660e-04 -9.709229903e-03 
6.913111111e-01 9.666312438e-02 1.724104919e-01 1.790338141e-01 -2.109058897e-01 -2.229459272e-01 -8.216326437e-02 -2.412128018e-02 -8.413368713e-01 3.192426244e-01 -1.274415114e-01 -8.749000269e-02 -9.186008075e-02 -2.364868609e-05 7.062597068e-03 -4.255827835e-02 -4.741241197e-03 1.312250341e-02 3.506124548e-02 5.175127790e-03 -8.274764715e-03 
7.113111111e-01 8.868650300e-02 1.766461041e-01 1.975349019e-01 -1.936862740e-01 -2.096259474e-01 -1.118598724e-01 1.292081649e-01 -8.317059597e-01 3.398112488e-01 -5.182219843e-02 -5.935071383e-02 -1.121171548e-01 -2.243253178e-03 6.696873360e-03 -3.805117458e-02 -1.964160726e-02 -1.988050009e-03 3.738363539e-02 8.295157199e-03 -5.142347815e-03 
7.313111111e-01 8.052473002e-02 1.805129106e-01 2.143872316e-01 -1.748500156e-01 -1.923726502e-01 -1.394576193e-01 2.782328348e-01 -7.943651804e-01 3.427177787e-01 2.649069424e-02 -2.677781184e-02 -1.239988278e-01 -4.235260854e-03 5.651790201e-03 -2.851533394e-02 -3.194620083e-02 -1.676703865e-02 3.347169438e-02 9.712972181e-03 -9.547264034e-04 
7.513111111e-01 7.219484302e-02 1.840028477e-01 2.294501450e-01 -1.545543427e-01 -1.715097501e-01 -1.644386471e-01 4.179876551e-01 -7.305586012e-01 3.278111478e-01 1.034267172e-01 7.795450296e-03 -1.266174972e-01 -5.797604175e-03 4.033351216e-03 -1.521097756e-02 -4.002886445e-02 -2.874983741e-02 2.397779407e-02 9.137650432e-03 3.428800811e-03 
7.713111111e-01 6.371423172e-02 1.871086317e-01 2.425979184e-01 -1.329686586e-01 -1.474287068e-01 -1.863342136e-01 5.438164172e-01 -6.424120593e-01 2.958661485e-01 1.749870196e-01 4.178637206e-02 -1.197775377e-01 -6.771790198e-03 2.005738449e-03 1.036251629e-04 -4.282140858e-02 -3.593811854e-02 1.048519728e-02 6.687253457e-03 7.108725220e-03 
7.913111111e-01 5.510060114e-02 1.898237792e-01 2.537208124e-01 -1.102731318e-01 -1.205813674e-01 -2.047334768e-01 6.515268920e-01 -5.328623261e-01 2.485431605e-01 2.374521685e-01 7.265575116e-02 -1.039899090e-01 -7.058990303e-03 -2.253521594e-04 1.540453286e-02 -3.995477596e-02 -3.713311680e-02 -4.755981029e-03 2.864611033e-03 9.329916297e-03 
8.113111111e-01 4.637193426e-02 1.921426218e-01 2.627259884e-01 -8.665719406e-02 -9.147148515e-02 -2.192911993e-01 7.375304977e-01 -4.055592613e-01 1.883018517e-01 2.875754642e-01 9.809757111e-02 -8.043398464e-02 -6.630068690e-03 -2.433581015e-03 2.866961349e-02 -3.180781370e-02 -3.213554642e-02 -1.920401974e-02 -1.545858546e-03 9.636579080e-03 
8.313111111e-01 3.754645434e-02 1.940603183e-01 2.695382834e-01 -6.231795937e-02 -6.064526680e-02 -2.297342253e-01 7.989618590e-01 -2.647442111e-01 1.182733345e-01 3.227516899e-01 1.162112669e-01 -5.086944847e-02 -5.528538685e-03 -4.394927456e-03 3.814578503e-02 -1.945720519e-02 -2.177883590e-02 -3.044946674e-02 -5.639113076e-03 7.965785517e-03 
8.513111111e-01 2.864258677e-02 1.955728652e-01 2.741008375e-01 -3.745857871e-02 -2.868112377e-02 -2.358666060e-01 8.337742721e-01 -1.151086993e-01 4.209742286e-02 3.411525201e-01 1.256437019e-01 -1.750484233e-02 -3.866148498e-03 -5.910416493e-03 4.258069879e-02 -4.535177930e-03 -7.790140028e-03 -3.661695558e-02 -8.575203875e-03 4.660387725e-03 
8.713111111e-01 1.967892060e-02 1.966771046e-01 2.763755689e-01 -1.228654452e-02 3.821180941e-03 -2.375732755e-01 8.408078946e-01 3.836187991e-02 -3.626655146e-02 3.418215503e-01 1.256902507e-01 1.716741756e-02 -1.811544585e-03 -6.826304531e-03 4.138824695e-02 1.098620784e-02 7.497692055e-03 -3.667795430e-02 -9.751635888e-03 3.986637242e-04 
8.913111111e-01 1.067416973e-02 1.973707311e-01 2.763434911e-01 1.298804110e-02 3.625178647e-02 -2.348222107e-01 8.198283879e-01 1.905543594e-01 -1.127455295e-01 3.247240067e-01 1.163474358e-01 5.055723013e-02 4.268372292e-04 -7.049676398e-03 3.472602115e-02 2.505568206e-02 2.153515852e-02 -3.062229034e-02 -8.927001571e-03 -3.944867326e-03 
9.113111111e-01 1.647133857e-03 1.976522966e-01 2.740048718e-01 3.815422014e-02 6.800217729e-02 -2.276650315e-01 7.715347245e-01 3.363981546e-01 -1.833644271e-01 2.907485543e-01 9.831318806e-02 8.017029618e-02 2.621917183e-03 -6.557871425e-03 2.347448558e-02 3.581385591e-02 3.198127690e-02 -1.945984700e-02 -6.270518477e-03 -7.478899204e-03 
9.313111111e-01 -7.383340825e-03 1.975212132e-01 2.693792306e-01 6.300193939e-02 9.847660118e-02 -2.162360324e-01 6.975359005e-01 4.710341994e-01 -2.444527449e-01 2.416611067e-01 7.293470905e-02 1.037944486e-01 4.551008410e-03 -5.400782331e-03 9.120616868e-03 4.183895429e-02 3.709398217e-02 -5.052148523e-03 -2.327305286e-03 -9.478237461e-03 
9.513111111e-01 -1.639840093e-02 1.969777547e-01 2.625051763e-01 8.732380372e-02 1.271032477e-01 -2.007496628e-01 6.002973288e-01 5.899768355e-01 -2.928353461e-01 1.800130413e-01 4.210783210e-02 1.196649064e-01 6.018408117e-03 -3.695793700e-03 -6.438611246e-03 4.233471429e-02 3.602064515e-02 1.019808027e-02 2.093478264e-03 -9.532611606e-03 
9.713111111e-01 -2.537922525e-02 1.960230556e-01 2.534400840e-01 1.109168071e-01 1.533449773e-01 -1.814965031e-01 4.830586992e-01 6.892632608e-01 -3.259974888e-01 1.090085882e-01 8.135398962e-03 1.265961082e-01 6.875251275e-03 -1.615873524e-03 -2.114692755e-02 3.723561741e-02 2.894026274e-02 2.374760852e-02 6.084673495e-03 -7.630863891e-03 
9.913111111e-01 -3.430706405e-02 1.946591091e-01 2.422596169e-01 1.335840271e-01 1.767094002e-01 -1.588378121e-01 3.497260416e-01 7.655855572e-01 -3.422155318e-01 3.233828654e-02 -2.644476802e-02 1.240702768e-01 7.034612704e-03 6.279740793e-04 -3.306051534e-02 2.721554838e-02 1.703360722e-02 3.333682563e-02 8.827274603e-03 -4.163238925e-03 
1.011311111e+00 -4.316327824e-02 1.928887628e-01 2.290570943e-01 1.551362685e-01 1.967581153e-01 -1.331987490e-01 2.047415894e-01 8.164009009e-01 -3.406465235e-01 -4.601283525e-02 -5.904944731e-02 1.122760977e-01 6.480325477e-03 2.808114856e-03 -4.060490272e-02 1.359873610e-02 2.286312636e-03 3.736656918e-02 9.758491222e-03 1.586957517e-04 
1.031311111e+00 -5.192937824e-02 1.907157127e-01 2.139427132e-01 1.753936422e-01 2.131149361e-01 -1.050603954e-01 5.293577820e-02 8.400162813e-01 -3.213720149e-01 -1.219723863e-01 -8.724299107e-02 9.209462441e-02 5.268621026e-03 4.703377491e-03 -4.278304108e-02 -1.815253349e-03 -1.284226284e-02 3.516481200e-02 8.687234774e-03 4.448065561e-03 
1.051311111e+00 -6.058706261e-02 1.881444956e-01 1.970426279e-01 1.941870672e-01 2.254729495e-01 -7.495072859e-02 -1.006336901e-01 8.356449066e-01 -2.853938211e-01 -1.915922803e-01 -1.089192739e-01 6.503346152e-02 3.522424561e-03 6.121491040e-03 -3.930707274e-02 -1.698934316e-02 -2.582917607e-02 2.709873394e-02 5.833330451e-03 7.824678340e-03 
1.071311111e+00 -6.911825626e-02 1.851804796e-01 1.784978973e-01 2.113596814e-01 2.336002745e-01 -4.343471485e-02 -2.508503538e-01 8.034324175e-01 -2.345819506e-01 -2.512539421e-01 -1.224590253e-01 3.311414286e-02 1.418884535e-03 6.918590464e-03 -3.063637356e-02 -2.991816110e-02 -3.450864195e-02 1.451348850e-02 1.782408387e-03 9.595642532e-03 
