# nmin = 1 nmax = 11 
#   t        realpha           imalpha
#
#
-4.886888889e-01 0.000000000e+00 0.000000000e+00 0.000000000e+00 0.000000000e+00 0.000000000e+00 0.000000000e+00 0.000000000e+00 0.000000000e+00 0.000000000e+00 0.000000000e+00 0.000000000e+00 0.000000000e+00 9.999903278e-01 4.398215535e-03 0.000000000e+00 0.000000000e+00 0.000000000e+00 0.000000000e+00 0.000000000e+00 0.000000000e+00 
-4.686888889e-01 0.000000000e+00 0.000000000e+00 0.000000000e+00 0.000000000e+00 0.000000000e+00 0.000000000e+00 0.000000000e+00 0.000000000e+00 0.000000000e+00 0.000000000e+00 0.000000000e+00 0.000000000e+00 9.029456317e-01 4.297547977e-01 0.000000000e+00 0.000000000e+00 0.000000000e+00 0.000000000e+00 0.000000000e+00 0.000000000e+00 
-4.486888889e-01 0.000000000e+00 0.000000000e+00 0.000000000e+00 0.000000000e+00 0.000000000e+00 0.000000000e+00 0.000000000e+00 0.000000000e+00 0.000000000e+00 0.000000000e+00 0.000000000e+00 0.000000000e+00 6.340289411e-01 7.733093183e-01 0.000000000e+00 0.000000000e+00 0.000000000e+00 0.000000000e+00 0.000000000e+00 0.000000000e+00 
-4.286888889e-01 3.444095279e-19 7.755360185e-19 -5.475563201e-19 -1.334238042e-18 7.806748937e-19 2.068205746e-18 -1.111755010e-18 -3.220220641e-18 1.710977231e-18 5.455104058e-18 -3.407850326e-18 -1.205839778e-17 2.444274443e-01 9.696675845e-01 3.135422061e-18 1.412540252e-17 -1.448075643e-18 -7.532407523e-18 8.657664601e-19 5.316483703e-18 
-4.086888889e-01 2.160858346e-19 2.627843013e-18 -1.641592541e-19 -4.502367926e-18 -6.435389814e-20 6.935725850e-18 5.906360731e-19 -1.070884537e-17 -1.819001901e-18 1.795038331e-17 5.797829533e-18 -3.917541119e-17 -1.916998132e-01 9.814536064e-01 -1.081904917e-17 4.443030199e-17 6.801073997e-18 -2.323123855e-17 -5.506149042e-18 1.603910450e-17 
-3.886888889e-01 -2.969992049e-18 8.389617425e-18 5.777786852e-18 -1.413717310e-17 -9.970328758e-18 2.138484456e-17 1.705659790e-17 -3.236634286e-17 -3.139119345e-17 5.308090387e-17 7.464652594e-17 -1.131102872e-16 -5.913377982e-01 8.064239632e-01 -9.865287904e-17 1.214728941e-16 5.525929700e-17 -6.157752003e-17 -4.070029537e-17 4.110663151e-17 
-3.686888889e-01 -2.317381070e-17 2.303156567e-17 4.157419040e-17 -3.770460147e-17 -6.693702559e-17 5.524971163e-17 1.078123678e-16 -8.072873593e-17 -1.881419718e-16 1.273033319e-16 4.266201712e-16 -2.596035283e-16 -8.784170607e-01 4.778948288e-01 -5.192834018e-16 2.507517336e-16 2.805190013e-16 -1.191447090e-16 -1.997699847e-16 7.378036256e-17 
-3.486888889e-01 -1.160672469e-16 4.066263910e-17 2.022517541e-16 -6.088350272e-17 -3.166925555e-16 7.979765769e-17 4.966351895e-16 -1.009094915e-16 -8.446878160e-16 1.306561375e-16 1.868495375e-15 -1.989065270e-16 -9.982932416e-01 5.840037555e-02 -2.169616216e-15 2.346286038e-17 1.145976852e-15 4.195729675e-17 -7.984968115e-16 -6.690242427e-17 
-3.286888889e-01 -4.632357154e-16 -4.878271134e-17 7.908719937e-16 1.188426091e-16 -1.213068728e-15 -2.387907966e-16 1.863051088e-15 4.566832262e-16 -3.102568375e-15 -9.158328442e-16 6.718071979e-15 2.331960685e-15 -9.281484018e-01 -3.722103495e-01 -7.468429415e-15 -3.413200515e-15 3.858135452e-15 1.987766438e-15 -2.628441429e-15 -1.513305313e-15 
-3.086888889e-01 -1.510426446e-15 -9.165706844e-16 2.520990311e-15 1.686396499e-15 -3.775285097e-15 -2.779806080e-15 5.652818680e-15 4.576766831e-15 -9.163258963e-15 -8.152896185e-15 1.927968023e-14 1.884730305e-14 -6.813343237e-01 -7.319723624e-01 -2.011394137e-14 -2.376268571e-14 1.003037856e-14 1.304509723e-14 -6.578289074e-15 -9.432867910e-15 
-2.886888889e-01 -3.703297526e-15 -5.586829791e-15 5.927741414e-15 9.861648110e-15 -8.465960075e-15 -1.564033868e-14 1.200688339e-14 2.483994766e-14 -1.827869850e-14 -4.278274112e-14 3.572671368e-14 9.582460122e-14 -3.048310540e-01 -9.524064408e-01 -3.066083544e-14 -1.140390994e-13 1.336263418e-14 6.097124543e-14 -7.348725899e-15 -4.299961451e-14 
-2.686888889e-01 -3.686785031e-15 -2.515988922e-14 4.416471605e-15 4.342644522e-14 -3.794029588e-15 -6.736130982e-14 1.087910276e-15 1.046574744e-13 6.366327654e-15 -1.763747795e-13 -3.215022974e-14 3.866194344e-13 1.296955556e-01 -9.915538628e-01 7.894685575e-14 -4.409592117e-13 -5.260772943e-14 2.308676984e-13 4.422325203e-14 -1.594685870e-13 
-2.486888889e-01 2.798564609e-14 -9.231989893e-14 -5.498725245e-14 1.562000635e-13 9.578585728e-14 -2.373524475e-13 -1.653184343e-13 3.610022588e-13 3.067475204e-13 -5.951353006e-13 -7.348497325e-13 1.275166231e-12 5.395351486e-01 -8.419630773e-01 9.832428052e-13 -1.386111220e-12 -5.534837300e-13 7.075025665e-13 4.093780147e-13 -4.759639483e-13 
-2.286888889e-01 2.451860910e-13 -2.716947615e-13 -4.410565167e-13 4.473551993e-13 7.121855101e-13 -6.600177537e-13 -1.150590744e-12 9.721435871e-13 2.014246549e-12 -1.547382420e-12 -4.582177289e-12 3.190159507e-12 8.466764407e-01 -5.321080762e-01 5.614008400e-12 -3.169784146e-12 -3.042689582e-12 1.534564051e-12 2.174039521e-12 -9.725521568e-13 
-2.086888889e-01 1.280489151e-12 -5.365829011e-13 -2.236575590e-12 8.231736730e-13 3.510763121e-12 -1.115214921e-12 -5.519803410e-12 1.478478935e-12 9.413558974e-12 -2.058015240e-12 -2.088178069e-11 3.549140944e-12 9.926563480e-01 -1.209684870e-01 2.439074120e-11 -1.812539241e-12 -1.292309755e-11 3.528234473e-13 9.033565714e-12 1.732472276e-13 
-1.886888889e-01 5.262148724e-12 2.264476030e-13 -9.006944507e-12 -7.870265130e-13 1.385246127e-11 1.842714538e-12 -2.133548517e-11 -3.840904718e-12 3.563734174e-11 8.141030025e-12 -7.741186179e-11 -2.154678988e-11 9.496881941e-01 3.131969570e-01 8.665169850e-11 3.317575142e-11 -4.492989800e-11 -1.966311162e-11 3.072890078e-11 1.518628816e-11 
-1.686888889e-01 1.769714975e-11 9.277072531e-12 -2.964610249e-11 -1.725016269e-11 4.457367090e-11 2.870072802e-11 -6.703238832e-11 -4.764681200e-11 1.091792828e-10 8.550877028e-11 -2.309211861e-10 -1.990024816e-10 7.259507910e-01 6.877466460e-01 2.438541309e-10 2.538449766e-10 -1.224658302e-10 -1.400695488e-10 8.095055739e-11 1.017639754e-10 
-1.486888889e-01 4.576254031e-11 6.043019296e-11 -7.390001980e-11 -1.070994575e-10 1.066448888e-10 1.705168044e-10 -1.531340274e-10 -2.718281705e-10 2.366509086e-10 4.698720428e-10 -4.712213335e-10 -1.056097517e-09 3.640316348e-01 9.313865840e-01 4.270299829e-10 1.265240721e-09 -1.941283791e-10 -6.786193871e-10 1.134961591e-10 4.800729969e-10 
-1.286888889e-01 5.947431774e-11 2.813521220e-10 -8.067616519e-11 -4.869991524e-10 9.064080253e-11 7.575780287e-10 -8.657530957e-11 -1.180433057e-09 5.336308534e-11 1.995142989e-09 8.835697092e-11 -4.386321757e-09 -6.717944864e-02 9.977409091e-01 -5.778705019e-10 5.032848767e-09 4.297826171e-10 -2.643006732e-09 -3.858567762e-10 1.831231337e-09 
-1.086888889e-01 -2.503059348e-10 1.061839787e-09 5.097026674e-10 -1.801993095e-09 -9.125545444e-10 2.746881234e-09 1.609532790e-09 -4.191812103e-09 -3.039510040e-09 6.934749538e-09 7.388367759e-09 -1.491382553e-08 -4.856031994e-01 8.741793482e-01 -1.011299105e-08 1.634240877e-08 5.744434037e-09 -8.378206669e-09 -4.282421083e-09 5.662647607e-09 
-8.868888889e-02 -2.574355671e-09 3.240574373e-09 4.660307741e-09 -5.362239568e-09 -7.569386720e-09 7.954962031e-09 1.229578896e-08 -1.178904540e-08 -2.163491693e-08 1.889469465e-08 4.945117944e-08 -3.925921248e-08 -8.115943738e-01 5.842213386e-01 -6.111130014e-08 3.976199911e-08 3.325143844e-08 -1.948035412e-08 -2.384656621e-08 1.252042966e-08 
-6.868888889e-02 -1.407114203e-08 6.965368504e-09 2.465845177e-08 -1.087885685e-08 -3.883211705e-08 1.507973376e-08 6.124906924e-08 -2.060626194e-08 -1.047841490e-07 2.991203093e-08 2.331605717e-07 -5.488487631e-08 -9.831018910e-01 1.830592032e-01 -2.739974248e-07 3.777657666e-08 1.456051284e-07 -1.315861322e-08 -1.020797352e-07 4.459254881e-09 
-4.868888889e-02 -5.955152305e-08 1.180827589e-09 1.022148533e-07 2.486963913e-09 -1.576529172e-07 -1.096116502e-08 2.435281587e-07 2.819998332e-08 -4.079979183e-07 -6.657742386e-08 8.890001968e-07 1.882167337e-07 -9.674800128e-01 -2.529474745e-01 -1.001543415e-06 -3.129052607e-07 5.210588057e-07 1.900218361e-07 -3.576015069e-07 -1.495783359e-07 
-2.868888889e-02 -2.063225298e-07 -9.213656607e-08 3.468432517e-07 1.736380772e-07 -5.234505302e-07 -2.922722728e-07 7.903783390e-07 4.901550240e-07 -1.292942536e-06 -8.875464193e-07 2.747533444e-06 2.082013430e-06 -7.677023747e-01 -6.408065729e-01 -2.932452694e-06 -2.691811353e-06 1.481636223e-06 1.493899456e-06 -9.858815096e-07 -1.091047882e-06 
-8.688888889e-03 -5.593820786e-07 -6.495004886e-07 9.100761005e-07 1.156216939e-06 -1.324657898e-06 -1.848675817e-06 1.921256884e-06 2.959033347e-06 -3.004415418e-06 -5.134779461e-06 6.067889982e-06 1.158406488e-05 -4.217961530e-01 -9.066906886e-01 -5.717731175e-06 -1.397604415e-05 2.672684012e-06 7.520819734e-06 -1.621700561e-06 -5.337264127e-06 
1.131111111e-02 -8.709975822e-07 -3.132474893e-06 1.256300327e-06 5.437897507e-06 -1.560881665e-06 -8.483953285e-06 1.815237933e-06 1.325813891e-05 -2.018877598e-06 -2.247431610e-05 2.117287891e-06 4.955405129e-05 4.395687668e-03 -9.999903350e-01 2.947959323e-06 -5.720073041e-05 -2.973444551e-06 3.012706022e-05 3.053867048e-06 -2.093507362e-05 
3.131111111e-02 2.066935751e-06 -1.215200907e-05 -4.465909661e-06 2.068268059e-05 8.337405671e-06 -3.162339291e-05 -1.517051848e-05 4.841027346e-05 2.934663661e-05 -8.034987635e-05 -7.271014829e-05 1.733786267e-04 4.297461169e-01 -9.029497011e-01 1.024528807e-04 -1.914673974e-04 -5.882755961e-05 9.853465943e-05 4.425954803e-05 -6.686543432e-05 
5.131111111e-02 2.663874274e-05 -3.829632776e-05 -4.859052004e-05 6.364889125e-05 7.946684470e-05 -9.487669319e-05 -1.298954727e-04 1.413405916e-04 2.298474152e-04 -2.278256721e-04 -5.279351125e-04 4.762610582e-04 7.732856613e-01 -6.340565263e-01 6.594393804e-04 -4.905738045e-04 -3.600735500e-04 2.424694540e-04 2.590384863e-04 -1.574431732e-04 
7.131111111e-02 1.517387904e-04 -8.793635193e-05 -2.669123972e-04 1.391743235e-04 4.218029551e-04 -1.960593188e-04 -6.674037208e-04 2.733935000e-04 1.144831879e-03 -4.073829244e-04 -2.551070417e-03 7.739622192e-04 9.696230358e-01 -2.445577729e-01 3.029540396e-03 -6.128918255e-04 -1.610148135e-03 2.473576232e-04 1.128538004e-03 -1.198717314e-04 
9.131111111e-02 6.408497757e-04 -5.964314056e-05 -1.103164183e-03 5.192714168e-05 1.705346022e-03 -5.135145212e-07 -2.637982382e-03 -1.246622593e-04 4.419455938e-03 4.225785641e-04 -9.589732172e-03 -1.388540059e-03 9.814032883e-01 1.911674719e-01 1.102920126e-02 2.708611806e-03 -5.693257843e-03 -1.691476458e-03 3.873460006e-03 1.351816232e-03 
1.113111111e-01 2.072051392e-03 6.913887667e-04 -3.488846731e-03 -1.360371430e-03 5.261875999e-03 2.366020482e-03 -7.916480541e-03 -4.062720837e-03 1.284100590e-02 7.459558192e-03 -2.669056541e-02 -1.743436739e-02 8.061436778e-01 5.888483257e-01 3.002246404e-02 2.440754412e-02 -1.465332013e-02 -1.319912728e-02 9.406822752e-03 9.332481036e-03 
1.313111111e-01 4.716238573e-03 3.918688953e-03 -7.646643255e-03 -7.179229632e-03 1.101242916e-02 1.170142307e-02 -1.565885910e-02 -1.888049883e-02 2.366435817e-02 3.250209092e-02 -4.450198618e-02 -6.998242203e-02 4.770458226e-01 8.645151678e-01 4.704955910e-02 9.900285834e-02 -1.966760337e-02 -4.839873582e-02 1.075715477e-02 3.091560189e-02 
1.513111111e-01 7.069299636e-03 1.091793847e-02 -1.048234491e-02 -1.953438293e-02 1.336755796e-02 3.085947686e-02 -1.606170328e-02 -4.779691915e-02 1.901268692e-02 7.783650056e-02 -2.406668203e-02 -1.531110650e-01 7.044253489e-02 9.449369884e-01 -7.508379688e-04 2.357144589e-01 7.297396721e-03 -9.873927404e-02 -7.028962816e-03 5.434495464e-02 
1.713111111e-01 7.184004502e-03 2.030734329e-02 -8.190336217e-03 -3.561274650e-02 6.005143471e-03 5.437323740e-02 5.504249438e-04 -8.007288997e-02 -1.501668718e-02 1.213022452e-01 5.144106579e-02 -2.127613827e-01 -2.942356680e-01 8.140519413e-01 -1.712446052e-01 3.557828848e-01 7.013641323e-02 -1.181084975e-01 -3.537709626e-02 5.299189023e-02 
1.913111111e-01 4.814272287e-03 2.999642111e-02 -2.966450020e-04 -5.120458899e-02 -1.127570738e-02 7.453702984e-02 3.237120252e-02 -1.021681658e-01 -6.959941292e-02 1.396768931e-01 1.480724493e-01 -2.100933717e-01 -5.132678566e-01 5.419992966e-01 -4.322910980e-01 3.510372516e-01 1.242236769e-01 -8.122591216e-02 -4.522299386e-02 2.804197156e-02 
2.113111111e-01 6.720155754e-04 3.900550060e-02 1.164986003e-02 -6.408513252e-02 -3.483727752e-02 8.719588785e-02 7.077138487e-02 -1.077145386e-01 -1.250240694e-01 1.261713664e-01 2.208959507e-01 -1.496754363e-01 -5.525654866e-01 2.412330796e-01 -6.788743384e-01 1.729110754e-01 1.228674597e-01 -1.750488283e-02 -2.552441339e-02 7.940789516e-03 
2.313111111e-01 -4.665237774e-03 4.723893286e-02 2.612907862e-02 -7.374663430e-02 -6.084082505e-02 9.151439639e-02 1.071471287e-01 -9.711722177e-02 -1.647516402e-01 8.787738743e-02 2.444225984e-01 -6.218140303e-02 -4.483503416e-01 9.422559090e-03 -8.000795647e-01 -1.410878561e-01 6.223655768e-02 1.410023827e-02 5.445593201e-03 1.661652712e-02 
2.513111111e-01 -1.103579462e-02 5.482535679e-02 4.227901967e-02 -8.028174191e-02 -8.658708468e-02 8.820621745e-02 1.357751685e-01 -7.429862884e-02 -1.809038176e-01 3.800512423e-02 2.184509173e-01 1.803818513e-02 -2.762156537e-01 -1.039377258e-01 -7.353890601e-01 -4.915012947e-01 -1.224266947e-02 -2.983542552e-02 1.818960396e-02 5.226481975e-02 
2.713111111e-01 -1.849085774e-02 6.172587120e-02 5.963897635e-02 -8.367585963e-02 -1.103538198e-01 7.827515381e-02 1.538984759e-01 -4.403755880e-02 -1.737949771e-01 -1.056318050e-02 1.604356542e-01 6.763967824e-02 -1.133630256e-01 -1.025423930e-01 -4.981574465e-01 -7.656859911e-01 -3.350525344e-02 -1.452761230e-01 -3.160764774e-03 8.988584519e-02 
2.913111111e-01 -2.700115450e-02 6.769984900e-02 7.768921045e-02 -8.369916323e-02 -1.307891401e-01 6.264065782e-02 1.607281579e-01 -1.069309357e-02 -1.488319085e-01 -4.865558754e-02 9.372702782e-02 7.913060501e-02 -1.100253800e-02 -2.685414124e-02 -1.631516924e-01 -8.851337240e-01 4.659789879e-02 -2.788402108e-01 -4.838592478e-02 1.010777334e-01 
3.113111111e-01 -3.632056205e-02 7.249208523e-02 9.562887386e-02 -8.018450221e-02 -1.465711983e-01 4.237384179e-02 1.565735154e-01 2.195593522e-02 -1.133471784e-01 -7.140829556e-02 3.804842061e-02 5.810049000e-02 1.541896393e-02 7.091013514e-02 1.696141435e-01 -8.312880021e-01 2.279499368e-01 -3.541229361e-01 -8.803748304e-02 7.533070515e-02 
3.313111111e-01 -4.606425376e-02 7.603038160e-02 1.125090334e-01 -7.333442414e-02 -1.565536874e-01 1.902060026e-02 1.425826911e-01 5.049593592e-02 -7.464568837e-02 -7.740923931e-02 4.961752136e-03 1.708353979e-02 -1.998283407e-02 1.480857491e-01 4.149149642e-01 -6.431561557e-01 4.587599556e-01 -3.098257837e-01 -9.336927757e-02 2.877559697e-02 
3.513111111e-01 -5.590299747e-02 7.848101730e-02 1.275629312e-01 -6.379204356e-02 -1.601863220e-01 -5.392082855e-03 1.208964088e-01 7.191590818e-02 -3.924885254e-02 -6.770060063e-02 -2.185607648e-03 -3.015370460e-02 -8.804398252e-02 1.823366094e-01 5.291038296e-01 -3.934889025e-01 6.576230537e-01 -1.295186365e-01 -5.607376910e-02 -4.238330071e-03 
3.713111111e-01 -6.572109276e-02 8.013811657e-02 1.404740339e-01 -5.243014488e-02 -1.578307137e-01 -2.874151982e-02 9.471906849e-02 8.406104384e-02 -1.263939377e-02 -4.524241891e-02 1.400522343e-02 -7.202813778e-02 -1.590404785e-01 1.716040445e-01 5.160170191e-01 -1.576397691e-01 7.482642820e-01 1.503221290e-01 3.817198989e-03 9.034197115e-03 
3.913111111e-01 -7.563440050e-02 8.123379805e-02 1.514020059e-01 -4.000668801e-02 -1.507061382e-01 -4.936450064e-02 6.794694689e-02 8.622788115e-02 1.127060246e-03 -1.468809091e-02 4.748274839e-02 -1.003200190e-01 -2.118381918e-01 1.273149896e-01 4.146798127e-01 1.126458913e-02 6.901039812e-01 4.554268045e-01 4.586407709e-02 7.992929896e-02 
4.113111111e-01 -8.586318546e-02 8.179248379e-02 1.607569121e-01 -2.690141217e-02 -1.404597891e-01 -6.645877960e-02 4.435904660e-02 7.947342059e-02 8.826687966e-05 1.801017832e-02 9.044614298e-02 -1.101828667e-01 -2.365359258e-01 6.603233025e-02 2.780068923e-01 9.321240554e-02 4.920818621e-01 7.030023559e-01 2.841369240e-02 1.889188195e-01 
4.313111111e-01 -9.653389421e-02 8.161097924e-02 1.688560202e-01 -1.307931214e-02 -1.285820862e-01 -8.011945084e-02 2.669332252e-02 6.637911375e-02 -1.499576567e-02 4.648628368e-02 1.343177410e-01 -1.000003223e-01 -2.325237631e-01 3.224621504e-03 1.527129712e-01 9.812706298e-02 2.060943177e-01 8.316065264e-01 -7.056489953e-02 2.907797482e-01 
4.513111111e-01 -1.074955599e-01 8.036277469e-02 1.756372428e-01 1.712161947e-03 -1.159608477e-01 -9.103322885e-02 1.600656195e-02 5.036351869e-02 -4.048755404e-02 6.522810787e-02 1.706072684e-01 -7.145128425e-02 -2.049952409e-01 -4.974448332e-02 6.729185499e-02 5.405258084e-02 -9.514957292e-02 8.200707419e-01 -2.402124149e-01 3.313748655e-01 
4.713111111e-01 -1.181724599e-01 7.775305264e-02 1.805392076e-01 1.762493015e-02 -1.027834628e-01 -1.000924779e-01 1.151859500e-02 3.497605806e-02 -7.040306741e-02 7.076721931e-02 1.923011924e-01 -2.942296376e-02 -1.623560058e-01 -8.665010015e-02 2.974921916e-02 -5.909423056e-03 -3.471263044e-01 6.896832115e-01 -4.351717640e-01 2.683943944e-01 
4.913111111e-01 -1.274756377e-01 7.364794319e-02 1.826355232e-01 3.444248964e-02 -8.883319916e-02 -1.082823311e-01 1.087027745e-02 2.355992845e-02 -9.772775445e-02 6.236212209e-02 1.961416533e-01 1.920847165e-02 -1.149222073e-01 -1.078664866e-01 3.219231476e-02 -5.264020327e-02 -5.202643218e-01 4.874575944e-01 -5.842694645e-01 9.009903771e-02 
5.113111111e-01 -1.343010052e-01 6.821536939e-02 1.812822908e-01 5.157949193e-02 -7.388268454e-02 -1.165226837e-01 1.095189960e-02 1.825548433e-02 -1.169949043e-01 4.228658327e-02 1.839261031e-01 6.851709220e-02 -7.081231376e-02 -1.205072062e-01 5.694967352e-02 -6.815077330e-02 -6.219073573e-01 2.511709848e-01 -6.148601506e-01 -1.676541006e-01 
5.313111111e-01 -1.387830469e-01 6.199735898e-02 1.768460572e-01 6.840225877e-02 -5.771178472e-02 -1.245411586e-01 9.736794962e-03 1.768954213e-02 -1.266762916e-01 1.533432559e-02 1.585889669e-01 1.144237689e-01 -2.954840630e-02 -1.288998331e-01 8.378680628e-02 -5.370464248e-02 -6.519185446e-01 -5.407529460e-03 -4.988722155e-01 -4.252559015e-01 
5.513111111e-01 -1.419412826e-01 5.549657396e-02 1.701728849e-01 8.453065529e-02 -4.033399298e-02 -1.310891257e-01 7.169221856e-03 1.873794063e-02 -1.278114172e-01 -1.389884666e-02 1.217855910e-01 1.527861953e-01 1.170227539e-02 -1.294915436e-01 1.002337710e-01 -2.245288993e-02 -5.915315201e-01 -2.594828376e-01 -2.658687546e-01 -6.051513395e-01 
5.713111111e-01 -1.444528706e-01 4.889533764e-02 1.618202923e-01 9.982791079e-02 -2.209046307e-02 -1.353777402e-01 3.870557822e-03 1.970664545e-02 -1.215703525e-01 -4.263578334e-02 7.590351074e-02 1.800338379e-01 5.145554442e-02 -1.188074346e-01 1.025380006e-01 1.460704852e-02 -4.381591027e-01 -4.723606029e-01 2.724997214e-02 -6.618492882e-01 
5.913111111e-01 -1.465649422e-01 4.222016375e-02 1.520462241e-01 1.142242293e-01 -3.389931683e-03 -1.371442079e-01 2.762718984e-04 2.010305107e-02 -1.087949921e-01 -6.913133343e-02 2.432497926e-02 1.938755921e-01 8.608529482e-02 -9.654232878e-02 9.077461196e-02 5.033604678e-02 -2.129197375e-01 -6.076340601e-01 3.163313165e-01 -5.824013047e-01 
6.113111111e-01 -1.483465491e-01 3.547177493e-02 1.409871817e-01 1.276388288e-01 1.538507218e-02 -1.363293878e-01 -3.373278863e-03 1.983043632e-02 -9.031228396e-02 -9.200042475e-02 -2.908056639e-02 1.932287199e-01 1.120462017e-01 -6.457656733e-02 6.683091954e-02 7.949577681e-02 4.766368571e-02 -6.419828674e-01 5.408544982e-01 -3.832053815e-01 
6.313111111e-01 -1.498129779e-01 2.865529848e-02 1.287488441e-01 1.399778201e-01 3.387287596e-02 -1.329508695e-01 -6.921002869e-03 1.889135622e-02 -6.712543644e-02 -1.100720733e-01 -8.031475743e-02 1.781405727e-01 1.266627785e-01 -2.607228151e-02 3.400362606e-02 9.814763462e-02 3.003031628e-01 -5.693829813e-01 6.544558712e-01 -1.052819974e-01 
6.513111111e-01 -1.509656064e-01 2.178105307e-02 1.154359020e-01 1.511451270e-01 5.172477639e-02 -1.270753900e-01 -1.023995393e-02 1.731994634e-02 -4.044869085e-02 -1.224170250e-01 -1.255484242e-01 1.497419842e-01 1.284355767e-01 1.507708532e-02 -3.329144059e-03 1.038219559e-01 5.028751692e-01 -4.018543966e-01 6.337670564e-01 1.942740902e-01 
6.713111111e-01 -1.518029280e-01 1.486197138e-02 1.011596956e-01 1.610498853e-01 6.860577897e-02 -1.188147577e-01 -1.321783945e-02 1.517045301e-02 -1.166990187e-02 -1.283975230e-01 -1.614026671e-01 1.101563760e-01 1.171799960e-01 5.469772701e-02 -4.022388161e-02 9.577242923e-02 6.215900858e-01 -1.673142550e-01 4.830259203e-01 4.539719688e-01 
6.913111111e-01 -1.523233323e-01 7.912041997e-03 8.603927845e-02 1.696101463e-01 8.419931173e-02 -1.083245206e-01 -1.575525185e-02 1.251522554e-02 1.771518536e-02 -1.277039682e-01 -1.851994327e-01 6.234158927e-02 9.403684756e-02 8.876973623e-02 -7.180282604e-02 7.506488482e-02 6.366462531e-01 9.512797715e-02 2.331652830e-01 6.205150174e-01 
7.113111111e-01 -1.525257374e-01 9.456410501e-04 7.020077584e-02 1.767546642e-01 9.821289141e-02 -9.580167458e-02 -1.776768941e-02 9.442955544e-03 4.617939241e-02 -1.203727530e-01 -1.951612387e-01 9.869696200e-03 6.135380798e-02 1.138363194e-01 -9.389238542e-02 4.443669450e-02 5.455314549e-01 3.417061474e-01 -6.454202461e-02 6.597267191e-01 
7.313111111e-01 -1.524097131e-01 -6.022723104e-03 5.377635079e-02 1.824238586e-01 1.103836184e-01 -8.148123365e-02 -1.918813916e-02 6.056060949e-03 7.224333231e-02 -1.067850075e-01 -1.905439936e-01 -4.333948708e-02 2.244651509e-02 1.273544368e-01 -1.035732948e-01 7.935804944e-03 3.634402468e-01 5.312991780e-01 -3.490052360e-01 5.635604498e-01 
7.513111111e-01 -1.519754975e-01 -1.297851098e-02 3.690307931e-02 1.865704228e-01 1.204831422e-01 -6.563190925e-02 -1.996929168e-02 2.467395385e-03 9.455232886e-02 -8.764698595e-02 -1.716926440e-01 -9.331110299e-02 -1.873794432e-02 1.279526809e-01 -9.956618103e-02 -2.961386808e-02 1.207393069e-01 6.322892077e-01 -5.618515099e-01 3.517497977e-01 
7.713111111e-01 -1.512239955e-01 -1.990720254e-02 1.972179248e-02 1.891597493e-01 1.283219642e-01 -4.855109307e-02 -2.008512679e-02 -1.203475935e-03 1.119468547e-01 -6.395341097e-02 -1.400154389e-01 -1.363121534e-01 -5.802147590e-02 1.155703578e-01 -8.240062826e-02 -6.324984082e-02 -1.420969336e-01 6.278344385e-01 -6.594040956e-01 6.775897658e-02 
7.913111111e-01 -1.501567755e-01 -2.679433276e-02 2.375895238e-03 1.901702263e-01 1.337530014e-01 -3.055928293e-02 -1.953178680e-02 -4.834250881e-03 1.235228114e-01 -3.693578340e-02 -9.787874375e-02 -1.691303577e-01 -9.141883493e-02 9.146363182e-02 -5.434519987e-02 -8.852686165e-02 -3.812361335e-01 5.186777717e-01 -6.216448899e-01 -2.301362015e-01 
8.113111111e-01 -1.487760656e-01 -3.362552307e-02 -1.498983266e-02 1.895934196e-01 1.366743482e-01 -1.199407015e-02 -1.832770774e-02 -8.303963363e-03 1.286785259e-01 -7.998375615e-03 -4.843027132e-02 -1.893141179e-01 -1.155419196e-01 5.807808665e-02 -1.910763671e-02 -1.021043791e-01 -5.567978286e-01 3.230229067e-01 -4.563221993e-01 -4.808067084e-01 
8.313111111e-01 -1.470847483e-01 -4.038651166e-02 -3.223044570e-02 1.874341436e-01 1.370311895e-01 6.796194761e-03 -1.651300588e-02 -1.149701332e-02 1.271460239e-01 2.135475700e-02 4.636058682e-03 -1.953556587e-01 -1.279434869e-01 1.880062523e-02 1.865514707e-02 -1.021880203e-01 -6.395041680e-01 7.349856631e-02 -1.973607593e-01 -6.328141680e-01 
8.513111111e-01 -1.450863546e-01 -4.706318325e-02 -4.920204260e-02 1.837104211e-01 1.348168299e-01 2.545893845e-02 -1.414814153e-02 -1.430701820e-02 1.190049590e-01 4.959795121e-02 5.735606396e-02 -1.868036625e-01 -1.273654203e-01 -2.238412542e-02 5.395251021e-02 -8.876673168e-02 -6.155624855e-01 -1.882828900e-01 1.020997288e-01 -6.549661715e-01 
8.713111111e-01 -1.427850566e-01 -5.364159862e-02 -6.576296744e-02 1.784533327e-01 1.300728186e-01 4.364398033e-02 -1.131190469e-02 -1.664035730e-02 1.046784726e-01 7.526323406e-02 1.057914335e-01 -1.642969842e-01 -1.138663636e-01 -6.129804728e-02 8.211963572e-02 -6.361423929e-02 -4.889654571e-01 -4.186650235e-01 3.806090316e-01 -5.427170584e-01 
8.913111111e-01 -1.401856590e-01 -6.010802367e-02 -8.177499203e-02 1.717067573e-01 1.228881706e-01 6.101010319e-02 -8.098790019e-03 -1.841929094e-02 8.491120057e-02 9.701662255e-02 1.463239289e-01 -1.295169265e-01 -8.881577150e-02 -9.399339382e-02 9.943402215e-02 -3.005463775e-02 -2.808252560e-01 -5.792277581e-01 5.810161651e-01 -3.191006994e-01 
9.113111111e-01 -1.372935886e-01 -6.644895811e-02 -9.710446966e-02 1.635270064e-01 1.133976958e-01 7.723145573e-02 -4.615848614e-03 -1.958455055e-02 6.073056984e-02 1.137274589e-01 1.759256753e-01 -8.506164334e-02 -5.475498108e-02 -1.171532816e-01 1.036074407e-01 7.476914457e-03 -2.585274393e-02 -6.431945707e-01 6.621969556e-01 -3.000387400e-02 
9.313111111e-01 -1.341148833e-01 -7.265116366e-02 -1.116234506e-01 1.539823532e-01 1.017794698e-01 9.200366669e-02 -9.791213502e-04 -2.009731325e-02 3.339339693e-02 1.245271781e-01 1.923853513e-01 -3.425205114e-02 -1.513939749e-02 -1.284281822e-01 9.408834204e-02 4.402033513e-02 2.334311459e-01 -5.998979249e-01 6.074928498e-01 2.652498406e-01 
9.513111111e-01 -1.306561795e-01 -7.870169164e-02 -1.252107500e-01 1.431524639e-01 8.825149272e-02 1.050495559e-01 2.690227221e-03 -1.994049538e-02 4.320563270e-03 1.288544519e-01 1.944733795e-01 1.911625155e-02 2.601205042e-02 -1.266742775e-01 7.213474808e-02 7.474613122e-02 4.537864856e-01 -4.565582609e-01 4.281293021e-01 5.060734544e-01 
9.713111111e-01 -1.269246980e-01 -8.458791006e-02 -1.377529596e-01 1.311277314e-01 7.306759823e-02 1.161243353e-01 6.269945707e-03 -1.911932163e-02 -2.497683670e-02 1.264843653e-01 1.820337792e-01 7.105652433e-02 6.452462316e-02 -1.120694979e-01 4.064799445e-02 9.559365334e-02 5.984653349e-01 -2.370798665e-01 1.609122761e-01 6.430492049e-01 
9.913111111e-01 -1.229282294e-01 -9.029752996e-02 -1.491453939e-01 1.180085222e-01 5.651269119e-02 1.250202020e-01 9.640768915e-03 -1.766115096e-02 -5.297603646e-02 1.175401063e-01 1.559958183e-01 1.176887041e-01 9.649129032e-02 -8.609547167e-02 3.789296893e-03 1.038077417e-01 6.433400743e-01 2.193556313e-02 -1.393244546e-01 6.480692377e-01 
1.011311111e+00 -1.186751172e-01 -9.581863107e-02 -1.592929643e-01 1.039043375e-01 3.889740155e-02 1.315702372e-01 1.269039140e-02 -1.561456515e-02 -7.822174495e-02 1.024865633e-01 1.183045952e-01 1.555292550e-01 1.186690917e-01 -5.138721655e-02 -3.357018528e-02 9.830284163e-02 5.809270902e-01 2.772928705e-01 -4.109713694e-01 5.201034263e-01 
1.031311111e+00 -1.141742408e-01 -1.011396867e-01 -1.681109726e-01 8.893290005e-02 2.055225590e-02 1.356515387e-01 1.531720913e-02 -1.304775012e-02 -9.940178703e-02 8.210616157e-02 7.177573470e-02 1.817513970e-01 1.288081297e-01 -1.146582184e-02 -6.649311024e-02 7.980646780e-02 4.216347920e-01 4.864069513e-01 -5.982856676e-01 2.854107573e-01 
1.051311111e+00 -1.094349971e-01 -1.062495878e-01 -1.755258181e-01 7.321917110e-02 1.821475554e-03 1.371875264e-01 1.743370463e-02 -1.004622425e-02 -1.154153053e-01 5.745819638e-02 1.988505441e-02 1.943962732e-01 1.258798174e-01 2.961875962e-02 -9.062846120e-02 5.076305775e-02 1.920278363e-01 6.144045331e-01 -6.628298667e-01 -7.849095955e-03 
1.071311111e+00 -1.044672802e-01 -1.111376662e-01 -1.814756116e-01 5.689430761e-02 -1.694348226e-02 1.361493796e-01 1.896936279e-02 -6.709989125e-03 -1.254299785e-01 2.982377444e-02 -3.349108720e-02 1.925192808e-01 1.101812267e-01 6.769857183e-02 -1.027865666e-01 1.501092067e-02 -6.960297464e-02 6.399398769e-01 -5.913592941e-01 -2.994982901e-01 
