# nmin = 1 nmax = 11 
#   t        realpha           imalpha
#
#
-4.886888889e-01 0.000000000e+00 0.000000000e+00 0.000000000e+00 0.000000000e+00 0.000000000e+00 0.000000000e+00 0.000000000e+00 0.000000000e+00 0.000000000e+00 0.000000000e+00 0.000000000e+00 0.000000000e+00 0.000000000e+00 0.000000000e+00 0.000000000e+00 0.000000000e+00 9.999840113e-01 5.654836638e-03 0.000000000e+00 0.000000000e+00 
-4.686888889e-01 0.000000000e+00 0.000000000e+00 0.000000000e+00 0.000000000e+00 0.000000000e+00 0.000000000e+00 0.000000000e+00 0.000000000e+00 0.000000000e+00 0.000000000e+00 0.000000000e+00 0.000000000e+00 0.000000000e+00 0.000000000e+00 0.000000000e+00 0.000000000e+00 8.412844128e-01 5.405927643e-01 0.000000000e+00 0.000000000e+00 
-4.486888889e-01 0.000000000e+00 0.000000000e+00 0.000000000e+00 0.000000000e+00 0.000000000e+00 0.000000000e+00 0.000000000e+00 0.000000000e+00 0.000000000e+00 0.000000000e+00 0.000000000e+00 0.000000000e+00 0.000000000e+00 0.000000000e+00 0.000000000e+00 0.000000000e+00 4.206558347e-01 9.072202978e-01 0.000000000e+00 0.000000000e+00 
-4.286888889e-01 6.939746932e-20 7.155474327e-19 -7.932314396e-20 -1.161589489e-18 6.611586420e-20 1.665249870e-18 -2.586070622e-20 -2.312558322e-18 -5.603873007e-20 3.235560055e-18 2.166908860e-19 -4.726065835e-18 -5.695214245e-19 7.649165408e-18 1.683923189e-18 -1.631988984e-17 -1.309414762e-01 9.913900997e-01 -2.919101628e-18 1.810930281e-17 
-4.086888889e-01 -7.163940201e-19 2.083751540e-18 1.321438680e-18 -3.343194419e-18 -2.120369513e-18 4.724390144e-18 3.255617522e-18 -6.449534375e-18 -4.984850439e-18 8.845381200e-18 7.899144949e-18 -1.262709974e-17 -1.376566954e-17 1.991108721e-17 3.141445471e-17 -4.125159094e-17 -6.417709247e-01 7.668963947e-01 -3.920791290e-17 4.270177650e-17 
-3.886888889e-01 -5.654909085e-18 4.708393682e-18 9.625771005e-18 -7.287921008e-18 -1.441625379e-17 9.883447821e-18 2.083682621e-17 -1.286829674e-17 -3.022882922e-17 1.670889698e-17 4.561119892e-17 -2.238361463e-17 -7.597297795e-17 3.276411917e-17 1.661964334e-16 -6.215615075e-17 -9.527887507e-01 3.036339844e-01 -1.917600127e-16 5.083207067e-17 
-3.686888889e-01 -2.677892062e-17 3.095705197e-18 4.416184024e-17 -3.172020271e-18 -6.414357571e-17 1.737481589e-18 8.998513049e-17 1.674986936e-18 -1.267825705e-16 -8.278191220e-18 1.858614759e-16 2.100054834e-17 -3.008620294e-16 -4.866632337e-17 6.396935226e-16 1.353991612e-16 -9.671613740e-01 -2.541630905e-01 -6.972208801e-16 -2.197930029e-16 
-3.486888889e-01 -9.108289452e-17 -4.494504852e-17 1.462733051e-16 8.000628533e-17 -2.066779376e-16 -1.249949275e-16 2.817218871e-16 1.880181454e-16 -3.851530985e-16 -2.832281383e-16 5.470470975e-16 4.427787275e-16 -8.564804567e-16 -7.625382524e-16 1.757919210e-15 1.721216581e-15 -6.804139624e-01 -7.328279742e-01 -1.773506527e-15 -2.102559793e-15 
-3.286888889e-01 -1.993453871e-16 -3.293747465e-16 3.041826662e-16 5.536305480e-16 -4.055598994e-16 -8.199964601e-16 5.171647258e-16 1.173555154e-15 -6.542367247e-16 -1.687439815e-15 8.476775276e-16 2.525402519e-15 -1.187710029e-15 -4.174418458e-15 2.123806483e-15 9.065417044e-15 -1.818236447e-01 -9.833311559e-01 -1.406802599e-15 -1.031437500e-14 
-3.086888889e-01 3.209386881e-17 -1.460472971e-15 -1.528069061e-16 2.391530866e-15 3.700835624e-16 -3.450082680e-15 -7.316759463e-16 4.808332167e-15 1.337351197e-15 -6.731396942e-15 -2.420840247e-15 9.806282985e-15 4.682612864e-15 -1.577517647e-14 -1.162227621e-14 3.333291315e-14 3.733764010e-01 -9.276799357e-01 1.644576643e-14 -3.587808901e-14 
-2.886888889e-01 3.072692558e-15 -4.613006101e-15 -5.352592694e-15 7.349407742e-15 8.200717835e-15 -1.029749443e-14 -1.211995496e-14 1.391181837e-14 1.796861698e-14 -1.883875844e-14 -2.768828378e-14 2.648329377e-14 4.706315894e-14 -4.100136378e-14 -1.049727936e-13 8.312642300e-14 8.123278888e-01 -5.832009954e-01 1.255862360e-13 -8.148441159e-14 
-2.686888889e-01 1.922024318e-14 -8.529977423e-15 -3.208591267e-14 1.265981475e-14 4.720156423e-14 -1.631222766e-14 -6.710179865e-14 1.992107609e-14 9.584956576e-14 -2.381216987e-14 -1.425194792e-13 2.853916625e-14 2.340856781e-13 -3.565617288e-14 -5.051919704e-13 5.286938498e-14 9.983658414e-01 -5.714583748e-02 5.678774914e-13 -5.725230569e-15 
-2.486888889e-01 7.890468123e-14 1.174758397e-14 -1.285100428e-13 -2.467278000e-14 1.843512696e-13 4.370124102e-14 -2.554286562e-13 -7.259520971e-14 3.554183219e-13 1.185697125e-13 -5.145122866e-13 -1.982973090e-13 8.222695526e-13 3.616308945e-13 -1.725627190e-12 -8.575806629e-13 8.735684307e-01 4.867013426e-01 1.830590756e-12 1.135992837e-12 
-2.286888889e-01 2.288606606e-13 1.980221538e-13 -3.614781905e-13 -3.402589848e-13 5.016626726e-13 5.147214269e-13 -6.705950625e-13 -7.517552119e-13 8.974149276e-13 1.102270363e-12 -1.244939163e-12 -1.681042841e-12 1.898695447e-12 2.829806057e-12 -3.784089883e-12 -6.254669604e-12 4.767906004e-01 8.790169074e-01 3.554376024e-12 7.359802728e-12 
-2.086888889e-01 3.305351896e-13 1.099501018e-12 -4.661907678e-13 -1.824678850e-12 5.605765702e-13 2.668460406e-12 -6.198519574e-13 -3.771101008e-12 6.338667638e-13 5.354903236e-12 -5.705195032e-13 -7.915196079e-12 3.294162550e-13 1.292371540e-11 5.933663180e-13 -2.772641187e-11 -6.843319370e-02 9.976557011e-01 -3.575594475e-12 3.079931205e-11 
-1.886888889e-01 -1.176271276e-12 4.193706475e-12 2.215857298e-12 -6.792278078e-12 -3.628727152e-12 9.686858131e-12 5.680255564e-12 -1.333921800e-11 -8.854839286e-12 1.844078148e-11 1.426218100e-11 -2.651288174e-11 -2.521552020e-11 4.206555877e-11 5.826144162e-11 -8.760427007e-11 -5.923507133e-01 8.056802297e-01 -7.406022502e-11 9.138496985e-11 
-1.686888889e-01 -1.229246536e-11 1.104179598e-11 2.090460665e-11 -1.725206364e-11 -3.131412527e-11 2.365168336e-11 4.530970784e-11 -3.118031372e-11 -6.584841537e-11 4.106799634e-11 9.957722296e-11 -5.593196593e-11 -1.662765435e-10 8.348334650e-11 3.646946741e-10 -1.621743091e-10 -9.318433042e-01 3.628609327e-01 -4.229849518e-10 1.421693373e-10 
-1.486888889e-01 -6.181919005e-11 1.038047842e-11 1.020286524e-10 -1.276626539e-11 -1.483802000e-10 1.210494868e-11 2.085132637e-10 -7.770396547e-12 -2.943999691e-10 -2.308408024e-12 4.326514194e-10 2.325983206e-11 -7.023010259e-10 -7.059298718e-11 1.497813032e-09 2.218722237e-10 -9.812119345e-01 -1.929329925e-01 -1.643857526e-09 -4.044396059e-10 
-1.286888889e-01 -2.191139346e-10 -9.241318126e-11 3.527585579e-10 1.665070061e-10 -4.998828972e-10 -2.628463254e-10 6.836840412e-10 3.989657473e-10 -9.383000426e-10 -6.058352704e-10 1.338544233e-09 9.539752539e-10 -2.106042376e-09 -1.653718002e-09 4.346633905e-09 3.755356591e-09 -7.250859703e-01 -6.886583592e-01 -4.443315378e-09 -4.637009887e-09 
-1.086888889e-01 -5.139909803e-10 -7.414122068e-10 7.914538899e-10 1.250408053e-09 -1.066874169e-09 -1.858059310e-09 1.378910949e-09 2.667684929e-09 -1.773957580e-09 -3.847878981e-09 2.348298432e-09 5.776601896e-09 -3.384270147e-09 -9.578078457e-09 6.289004491e-09 2.086439550e-08 -2.432087324e-01 -9.699739751e-01 -4.806505290e-09 -2.388494824e-08 
-8.868888889e-02 -1.392596856e-10 -3.419631247e-09 -6.659579679e-12 5.614007754e-09 3.596632523e-10 -8.120235162e-09 -1.005943737e-09 1.134783858e-08 2.139607871e-09 -1.593114748e-08 -4.220545732e-09 2.327652839e-08 8.629671172e-09 -3.755890357e-08 -2.226776164e-08 7.961468482e-08 3.143901189e-01 -9.492938708e-01 3.315637929e-08 -8.627627080e-08 
-6.868888889e-02 6.505182354e-09 -1.123649384e-08 -1.143318848e-08 1.796867964e-08 1.765842041e-08 -2.527880369e-08 -2.628942161e-08 3.430340721e-08 3.923736625e-08 -4.667973868e-08 -6.083411339e-08 6.597768527e-08 1.039894213e-07 -1.027628757e-07 -2.331622717e-07 2.097487937e-07 7.741054419e-01 -6.330566838e-01 2.815809490e-07 -2.089527306e-07 
-4.868888889e-02 4.367759040e-08 -2.276818549e-08 -7.314724759e-08 3.431463593e-08 1.079468367e-07 -4.507534349e-08 -1.539374148e-07 5.643736893e-08 2.205687416e-07 -6.976003980e-08 -3.289727903e-07 8.767246738e-08 5.419777912e-07 -1.177750818e-07 -1.173203907e-06 1.978853012e-07 9.928075705e-01 -1.197210422e-01 1.326676068e-06 -9.691274896e-08 
-2.868888889e-02 1.861839507e-07 1.585609314e-08 -3.040481475e-07 -3.877560612e-08 4.373872295e-07 7.504625879e-08 -6.077940060e-07 -1.321390945e-07 8.482996829e-07 2.249088218e-07 -1.231935247e-06 -3.878895963e-07 1.975391835e-06 7.244487463e-07 -4.160077667e-06 -1.750954002e-06 9.024049704e-01 4.308889292e-01 4.446421148e-06 2.386349402e-06 
-8.688888889e-03 5.641187521e-07 4.292318627e-07 -8.950502916e-07 -7.422195810e-07 1.248408147e-06 1.129426289e-06 -1.678166924e-06 -1.658671575e-06 2.259928722e-06 2.444674277e-06 -3.157409906e-06 -3.746489004e-06 4.854542315e-06 6.335640336e-06 -9.765353845e-06 -1.406404345e-05 5.310444171e-01 8.473439835e-01 9.391047763e-06 1.668140813e-05 
1.131111111e-02 9.343887013e-07 2.521196949e-06 -1.358161657e-06 -4.196183241e-06 1.702898297e-06 6.154442221e-06 -2.003621635e-06 -8.722859300e-06 2.269295996e-06 1.242245962e-05 -2.497726584e-06 -1.841555185e-05 2.670680148e-06 3.015626717e-05 -2.690573525e-06 -6.488479840e-05 -5.651586678e-03 9.999840242e-01 -3.828022213e-06 7.250922372e-05 
3.131111111e-02 -2.129271497e-06 9.970171811e-06 4.174922438e-06 -1.619370155e-05 -7.049226397e-06 2.316336094e-05 1.130401617e-05 -3.199658702e-05 -1.796886400e-05 4.437913588e-05 2.941147337e-05 -6.402632755e-05 -5.270506893e-05 1.019547032e-04 1.231685350e-04 -2.131275931e-04 -5.405823534e-01 8.412910088e-01 -1.595496362e-04 2.243243839e-04 
5.131111111e-02 -2.701658330e-05 2.756952926e-05 4.617485386e-05 -4.332271228e-05 -6.949577685e-05 5.977714359e-05 1.010066568e-04 -7.938417486e-05 -1.474115713e-04 1.054404686e-04 2.237979015e-04 -1.450102202e-04 -3.750572277e-04 2.189279465e-04 8.251158793e-04 -4.310193140e-04 -9.071996356e-01 4.206977102e-01 -9.646384699e-04 3.932182674e-04 
7.131111111e-02 -1.414462679e-04 3.347335701e-05 2.341186859e-04 -4.505310025e-05 -3.414185720e-04 5.042990198e-05 4.810414755e-04 -4.928436783e-05 -6.808412160e-04 3.858254533e-05 1.002742443e-03 -1.037422501e-05 -1.630434037e-03 -5.954716197e-05 3.477883730e-03 2.919301304e-04 -9.913973592e-01 -1.307648416e-01 -3.852805019e-03 -6.949057503e-04 
9.131111111e-02 -5.085611307e-04 -1.711081954e-04 8.211125810e-04 3.164314867e-04 -1.166499639e-03 -5.102513938e-04 1.598713581e-03 7.880284761e-04 -2.197381076e-03 -1.213380797e-03 3.136675236e-03 1.931103580e-03 -4.930144067e-03 -3.370901918e-03 1.011170807e-02 7.653781819e-03 -7.671527577e-01 -6.411331163e-01 -1.055876516e-02 -9.719365381e-03 
1.113111111e-01 -1.208529560e-03 -1.407225204e-03 1.871244489e-03 2.396652109e-03 -2.533884102e-03 -3.588138374e-03 3.286481095e-03 5.176889241e-03 -4.237953670e-03 -7.480304262e-03 5.614122921e-03 1.120252690e-02 -8.069213143e-03 -1.840198634e-02 1.475202641e-02 3.897393719e-02 -3.051017939e-01 -9.498175351e-01 -1.252363228e-02 -4.688590557e-02 
1.313111111e-01 -1.201174768e-03 -5.294964326e-03 1.478787076e-03 8.767851595e-03 -1.397023616e-03 -1.272126240e-02 8.919508691e-04 1.771880809e-02 2.406121917e-04 -2.459909064e-02 -2.480545806e-03 3.516501676e-02 7.192461597e-03 -5.453700077e-02 -2.050443445e-02 1.059029859e-01 2.428799086e-01 -9.518095166e-01 4.053404832e-02 -1.288548970e-01 
1.513111111e-01 2.247557942e-03 -1.200067701e-02 -5.129269549e-03 1.930816127e-02 9.440648808e-03 -2.698099563e-02 -1.580025151e-02 3.583608253e-02 2.531201041e-02 -4.689188115e-02 -4.033992723e-02 6.225973512e-02 6.729712868e-02 -8.776854918e-02 -1.326183237e-01 1.477804286e-01 6.675813855e-01 -6.423875119e-01 2.158769996e-01 -1.824664692e-01 
1.713111111e-01 1.047987159e-02 -1.855548207e-02 -2.015946253e-02 2.844969414e-02 3.274911291e-02 -3.716992111e-02 -4.935362704e-02 4.510923570e-02 7.165067427e-02 -5.239527405e-02 -1.031574727e-01 5.942118271e-02 1.532781084e-01 -6.767138023e-02 -2.580623957e-01 8.355758958e-02 7.926911318e-01 -1.760731307e-01 4.546872973e-01 -6.490499115e-02 
1.913111111e-01 2.178915887e-02 -2.219862993e-02 -4.030994691e-02 3.107548111e-02 6.242881658e-02 -3.526273974e-02 -8.865448478e-02 3.425397417e-02 1.195135494e-01 -2.699331584e-02 -1.567791970e-01 1.200615648e-02 2.066315759e-01 1.363834736e-02 -2.937570291e-01 -5.992487624e-02 6.134672097e-01 2.052264962e-01 5.763370025e-01 2.516113412e-01 
2.113111111e-01 3.375103616e-02 -2.263210983e-02 -6.081972819e-02 2.651706705e-02 9.000393308e-02 -2.066261249e-02 -1.195421479e-01 4.364971723e-03 1.469750513e-01 2.283577861e-02 -1.703777667e-01 -6.099518301e-02 1.900644900e-01 1.111686698e-01 -2.134936077e-01 -1.818309254e-01 2.931596352e-01 3.417856731e-01 4.424200400e-01 6.293360637e-01 
2.313111111e-01 4.529448186e-02 -2.115169760e-02 -7.918241991e-02 1.711516689e-02 1.106503034e-01 2.061566926e-03 -1.344351319e-01 -3.505497801e-02 1.450689291e-01 7.815351733e-02 -1.389957349e-01 -1.252590355e-01 1.159992545e-01 1.693060966e-01 -7.983443687e-02 -2.051488591e-01 3.837333558e-02 2.395056170e-01 6.292348423e-02 8.663602205e-01 
2.513111111e-01 5.707776612e-02 -1.888995143e-02 -9.592758383e-02 5.157513206e-03 1.246155813e-01 2.806681399e-02 -1.345952815e-01 -7.412520268e-02 1.203713816e-01 1.214418824e-01 -8.320967817e-02 -1.554819823e-01 3.261484832e-02 1.621990306e-01 1.387195740e-02 -1.296906774e-01 -2.561172564e-02 3.523383312e-02 -4.116678158e-01 8.244711028e-01 
2.713111111e-01 7.055105282e-02 -1.557188963e-02 -1.130657249e-01 -9.339908833e-03 1.348885985e-01 5.585966563e-02 -1.263706306e-01 -1.085556914e-01 8.772607758e-02 1.463123222e-01 -3.311574796e-02 -1.494426094e-01 -1.101712821e-02 1.075964420e-01 1.004283863e-02 -2.266221411e-02 9.101829239e-02 -1.041625150e-01 -7.786526728e-01 5.040995589e-01 
2.913111111e-01 8.652487937e-02 -9.390156421e-03 -1.316215257e-01 -2.890030659e-02 1.433644954e-01 8.784928096e-02 -1.150297980e-01 -1.406912545e-01 5.947271820e-02 1.586379531e-01 -9.085133716e-03 -1.260595173e-01 4.290736740e-03 5.175709627e-02 -7.969323811e-02 3.162606781e-02 2.725374903e-01 -7.981652507e-02 -8.898442565e-01 3.643124472e-02 
3.113111111e-01 1.041401003e-01 2.074027898e-03 -1.498461548e-01 -5.700490476e-02 1.480481978e-01 1.279717880e-01 -1.002529660e-01 -1.759051336e-01 3.795749107e-02 1.700433834e-01 -1.076726532e-02 -1.112671810e-01 5.835814656e-02 3.898322779e-02 -1.872439342e-01 -1.433279262e-02 3.788834833e-01 9.536058746e-02 -7.186104635e-01 -3.899938178e-01 
3.313111111e-01 1.207881841e-01 2.049246244e-02 -1.630982357e-01 -9.573035077e-02 1.428804509e-01 1.780838802e-01 -7.575854227e-02 -2.170871357e-01 1.513148484e-02 1.886259807e-01 -1.932895522e-02 -1.214032440e-01 1.058305923e-01 8.521343136e-02 -2.321574402e-01 -1.448912764e-01 3.259376710e-01 3.195094495e-01 -3.598968202e-01 -6.214089296e-01 
3.513111111e-01 1.329634971e-01 4.574486302e-02 -1.653753641e-01 -1.439405773e-01 1.201524137e-01 2.352566352e-01 -3.293832339e-02 -2.606035619e-01 -2.138396752e-02 2.124918605e-01 -1.001532633e-02 -1.535424652e-01 1.032568070e-01 1.696421546e-01 -1.682255600e-01 -2.928175816e-01 1.240158854e-01 4.672322693e-01 2.618142873e-02 -6.024243115e-01 
3.713111111e-01 1.375685702e-01 7.568282838e-02 -1.516492728e-01 -1.969240873e-01 7.414384146e-02 2.913819437e-01 3.372146355e-02 -2.958987926e-01 -7.970065245e-02 2.293989556e-01 3.282159479e-02 -1.871397460e-01 3.322226386e-02 2.466750088e-01 -7.591863811e-03 -3.774529824e-01 -1.372136356e-01 4.573003514e-01 2.917604357e-01 -3.862736218e-01 
3.913111111e-01 1.330440208e-01 1.067501060e-01 -1.198804878e-01 -2.475685845e-01 4.178956735e-03 3.352155596e-01 1.222960088e-01 -3.088281210e-01 -1.572370414e-01 2.222648338e-01 1.061895559e-01 -1.950084436e-01 -8.639839356e-02 2.699054109e-01 1.869894068e-01 -3.466095467e-01 -3.408693502e-01 2.892805961e-01 3.613161469e-01 -9.615566791e-02 
4.113111111e-01 1.198642244e-01 1.351149631e-01 -7.188404568e-02 -2.884617549e-01 -8.422323505e-02 3.558530820e-01 2.221870460e-01 -2.870378793e-01 -2.395340232e-01 1.774879277e-01 1.886199719e-01 -1.574091128e-01 -2.110276336e-01 2.151860023e-01 3.340449136e-01 -2.012964896e-01 -4.012825874e-01 3.683802553e-02 2.512328151e-01 1.369202964e-01 
4.313111111e-01 1.002908070e-01 1.578027565e-01 -1.284614664e-02 -3.140075966e-01 -1.804195580e-01 3.461727551e-01 3.164130135e-01 -2.250297590e-01 -3.046275992e-01 9.213719684e-02 2.492002567e-01 -7.244214306e-02 -2.900794995e-01 9.217760721e-02 3.717110450e-01 6.240144619e-03 -3.009654286e-01 -1.924175814e-01 4.777542243e-02 2.292453291e-01 
4.513111111e-01 7.762870261e-02 1.734094312e-01 5.007161282e-02 -3.218399877e-01 -2.712774281e-01 3.051352637e-01 3.863952611e-01 -1.271376837e-01 -3.310171616e-01 -2.284710809e-02 2.610600021e-01 4.147164135e-02 -2.897436626e-01 -5.961612290e-02 2.849839661e-01 1.973889396e-01 -9.314114591e-02 -3.080446722e-01 -1.400771707e-01 1.711719305e-01 
4.713111111e-01 5.541806013e-02 1.822620376e-01 1.092796657e-01 -3.134129206e-01 -3.443857367e-01 2.388385508e-01 4.179261539e-01 -8.039670284e-03 -3.068445717e-01 -1.443089932e-01 2.144545923e-01 1.517204295e-01 -2.091684907e-01 -1.879643645e-01 1.121548893e-01 3.032657391e-01 1.268237174e-01 -2.769462309e-01 -2.305594771e-01 1.996333221e-02 
4.913111111e-01 3.673343814e-02 1.861674233e-01 1.582863136e-01 -2.941088370e-01 -3.918935169e-01 1.606084725e-01 4.081967378e-01 1.095568641e-01 -2.387999699e-01 -2.442470999e-01 1.255960308e-01 2.261233712e-01 -8.402824115e-02 -2.540802848e-01 -7.291175738e-02 3.000450944e-01 2.702559042e-01 -1.381370543e-01 -2.039472076e-01 -1.358735753e-01 
5.113111111e-01 2.288916297e-02 1.876159538e-01 1.946643464e-01 -2.713850601e-01 -4.152972503e-01 8.594333108e-02 3.700121538e-01 2.055905965e-01 -1.520060808e-01 -3.061099537e-01 2.920567855e-02 2.541507157e-01 3.557841097e-02 -2.574996743e-01 -2.073306452e-01 2.215465325e-01 3.068722438e-01 2.712685237e-02 -1.023564194e-01 -2.313327767e-01 
5.313111111e-01 1.243134443e-02 1.882645373e-01 2.219552731e-01 -2.491105213e-01 -4.232497105e-01 2.016949577e-02 3.190357043e-01 2.776928565e-01 -6.636887469e-02 -3.350576341e-01 -5.364722047e-02 2.490329819e-01 1.273004624e-01 -2.235069305e-01 -2.796224375e-01 1.149596640e-01 2.638826465e-01 1.647069143e-01 2.061115966e-02 -2.550339280e-01 
5.513111111e-01 3.307520539e-03 1.885427553e-01 2.445895256e-01 -2.266821971e-01 -4.215745366e-01 -4.034399769e-02 2.603647918e-01 3.330643679e-01 1.527045659e-02 -3.411309675e-01 -1.227183080e-01 2.229100808e-01 1.938754001e-01 -1.679096200e-01 -3.021954858e-01 1.466093780e-03 1.721270781e-01 2.604235714e-01 1.339785325e-01 -2.189423285e-01 
5.713111111e-01 -5.437068312e-03 1.884638505e-01 2.644367237e-01 -2.030852364e-01 -4.118683228e-01 -9.822696383e-02 1.945939979e-01 3.752283613e-01 9.321325284e-02 -3.284790054e-01 -1.792948399e-01 1.804683185e-01 2.371990976e-01 -9.708181586e-02 -2.821700128e-01 -1.081710592e-01 5.228475400e-02 3.080815585e-01 2.174187547e-01 -1.368203275e-01 
5.913111111e-01 -1.407240469e-02 1.880074667e-01 2.819043747e-01 -1.780126978e-01 -3.944927667e-01 -1.537516419e-01 1.228964396e-01 4.044060365e-01 1.654486318e-01 -2.986827288e-01 -2.216041636e-01 1.249004832e-01 2.556747095e-01 -1.720583275e-02 -2.245744806e-01 -2.022077588e-01 -7.562136459e-02 3.032847493e-01 2.555490738e-01 -2.665996287e-02 
6.113111111e-01 -2.265389737e-02 1.871645825e-01 2.969811201e-01 -1.515168311e-01 -3.697515054e-01 -2.062588306e-01 4.727402749e-02 4.200113460e-01 2.288568341e-01 -2.533953405e-01 -2.471608586e-01 6.015517591e-02 2.480818215e-01 6.415015811e-02 -1.373531493e-01 -2.691759300e-01 -1.906488178e-01 2.477220914e-01 2.410860317e-01 8.888197055e-02 
6.313111111e-01 -3.118192560e-02 1.859331206e-01 3.095709741e-01 -1.237737863e-01 -3.380867008e-01 -2.548626682e-01 -2.987523704e-02 4.216055104e-01 2.803140367e-01 -1.949587161e-01 -2.542149825e-01 -9.032109828e-03 2.153109617e-01 1.389225385e-01 -3.202454706e-02 -3.004924920e-01 -2.737997080e-01 1.508313189e-01 1.771261057e-01 1.861466319e-01 
6.513111111e-01 -3.964329191e-02 1.843142382e-01 3.195753067e-01 -9.500250588e-02 -3.000830353e-01 -2.986761898e-01 -1.060160705e-01 4.091506405e-01 3.171887365e-01 -1.263972787e-01 -2.422725266e-01 -7.752926378e-02 1.607008399e-01 1.995822769e-01 7.751821924e-02 -2.920823264e-01 -3.112686533e-01 2.879183309e-02 7.681776250e-02 2.452014803e-01 
6.713111111e-01 -4.802150079e-02 1.823108089e-01 3.269119579e-01 -6.543961559e-02 -2.564502660e-01 -3.368834890e-01 -1.786213389e-01 3.830640556e-01 3.375744333e-01 -5.126897925e-02 -2.122312897e-01 -1.402306093e-01 8.979038429e-02 2.399904311e-01 1.768106519e-01 -2.450695660e-01 -2.968238137e-01 -9.804572446e-02 -3.925288415e-02 2.539371903e-01 
6.913111111e-01 -5.629935627e-02 1.799268413e-01 3.315199491e-01 -3.533089045e-02 -2.080060284e-01 -3.687691682e-01 -2.452746167e-01 3.442150787e-01 3.404137726e-01 2.652324615e-02 -1.663360467e-01 -1.924553406e-01 9.771817621e-03 2.560511595e-01 2.527346730e-01 -1.656691374e-01 -2.328779206e-01 -2.085312095e-01 -1.472681657e-01 2.105635698e-01 
7.113111111e-01 -6.445964963e-02 1.771672558e-01 3.333608601e-01 -4.927369204e-03 -1.556589823e-01 -3.937352972e-01 -3.037558813e-01 2.938979835e-01 3.255596223e-01 1.029366577e-01 -1.080152186e-01 -2.303029519e-01 -7.123777998e-02 2.461358438e-01 2.952575183e-01 -6.437444772e-02 -1.300957036e-01 -2.842402370e-01 -2.250633608e-01 1.239815536e-01 
7.313111111e-01 -7.248536193e-02 1.740377963e-01 3.324193285e-01 2.551725324e-02 -1.003912497e-01 -4.113135043e-01 -3.521168827e-01 2.337891394e-01 2.937841223e-01 1.739997526e-01 -4.162543966e-02 -2.509463281e-01 -1.450203512e-01 2.112504912e-01 2.987597533e-01 4.542774013e-02 -5.617883577e-03 -3.125473519e-01 -2.566747914e-01 1.195813250e-02 
7.513111111e-01 -8.035974162e-02 1.705449910e-01 3.287032118e-01 5.574888558e-02 -4.323982506e-02 -4.211739771e-01 -3.887464219e-01 1.658911704e-01 2.467388512e-01 2.360189909e-01 2.787384482e-02 -2.528434012e-01 -2.040908513e-01 1.549341667e-01 2.627785891e-01 1.492262789e-01 1.197967947e-01 -2.887319460e-01 -2.356157350e-01 -1.025191291e-01 
7.713111111e-01 -8.806634989e-02 1.666961307e-01 3.222435261e-01 8.551520003e-02 1.472293220e-02 -4.231317013e-01 -4.124241250e-01 9.246622149e-02 1.868690418e-01 2.857708629e-01 9.529088186e-02 -2.358524636e-01 -2.424567016e-01 8.290005618e-02 1.920692213e-01 2.333034147e-01 2.252333465e-01 -2.167656534e-01 -1.662075868e-01 -1.959591405e-01 
7.913111111e-01 -9.558909746e-02 1.624992505e-01 3.130941878e-01 1.145677489e-01 7.240943316e-02 -4.171499434e-01 -4.223611261e-01 1.596058379e-02 1.172864966e-01 3.206694601e-01 1.555894600e-01 -2.012427804e-01 -2.562257599e-01 2.455886924e-03 9.597643490e-02 2.865477150e-01 2.931084667e-01 -1.086500606e-01 -6.269311930e-02 -2.491877194e-01 
8.113111111e-01 -1.029122788e-01 1.579631123e-01 3.013315630e-01 1.426640412e-01 1.287372709e-01 -4.033409431e-01 -4.182263552e-01 -6.107681116e-02 4.160784921e-02 3.389008879e-01 2.042651315e-01 -1.515997783e-01 -2.440011811e-01 -7.823742725e-02 -1.280037242e-02 3.019225388e-01 3.121028445e-01 1.758474786e-02 5.368617331e-02 -2.512821950e-01 
8.313111111e-01 -1.100206048e-01 1.530971864e-01 2.870538301e-01 1.695695672e-01 1.826495316e-01 -3.819638071e-01 -4.001575704e-01 -1.360793148e-01 -3.623341464e-02 3.395175468e-01 2.376817071e-01 -9.063190871e-02 -2.070231266e-01 -1.509936967e-01 -1.198855123e-01 2.773959858e-01 2.790488500e-01 1.408870052e-01 1.590488944e-01 -2.018127745e-01 
8.513111111e-01 -1.168992352e-01 1.479116317e-01 2.703801604e-01 1.950597558e-01 2.331346260e-01 -3.534196478e-01 -3.687567678e-01 -2.065480748e-01 -1.121914045e-01 3.224873853e-01 2.533428882e-01 -2.289361785e-02 -1.490429527e-01 -2.084319305e-01 -2.111268632e-01 2.162094277e-01 1.994587899e-01 2.406939968e-01 2.317742825e-01 -1.109307384e-01 
8.713111111e-01 -1.235338090e-01 1.424172742e-01 2.514497231e-01 2.189218497e-01 2.792452712e-01 -3.182440570e-01 -3.250701256e-01 -2.701352892e-01 -1.823181153e-01 2.886955659e-01 2.500787472e-01 4.655488124e-02 -7.594264248e-02 -2.447251242e-01 -2.744661814e-01 1.264491371e-01 8.660563861e-02 3.003612363e-01 2.569388595e-01 2.714633883e-03 
8.913111111e-01 -1.299104750e-01 1.366255849e-01 2.304205237e-01 2.409566802e-01 3.201162646e-01 -2.770970561e-01 -2.705531481e-01 -3.247224278e-01 -2.429686294e-01 2.398984578e-01 2.281331231e-01 1.125256189e-01 4.861910561e-03 -2.561913996e-01 -3.015326906e-01 1.997762419e-02 -4.069045220e-02 3.099382132e-01 2.293787750e-01 1.158029547e-01 
9.113111111e-01 -1.360159202e-01 1.305486554e-01 2.074680857e-01 2.609803305e-01 3.549807184e-01 -2.307507116e-01 -2.070221730e-01 -3.684908152e-01 -2.909905657e-01 1.786323476e-01 1.891454068e-01 1.700904225e-01 8.517323162e-02 -2.416675237e-01 -2.887493444e-01 -8.913408485e-02 -1.612007292e-01 2.678278063e-01 1.547494451e-01 2.051281453e-01 
9.313111111e-01 -1.418373980e-01 1.241991727e-01 1.827839849e-01 2.788256702e-01 3.831844493e-01 -1.800746487e-01 -1.365938568e-01 -3.999822238e-01 -3.238879280e-01 1.080816129e-01 1.360280743e-01 2.149490631e-01 1.568438833e-01 -2.026269174e-01 -2.378055599e-01 -1.864660416e-01 -2.548280869e-01 1.810526307e-01 4.836504267e-02 2.523603959e-01 
9.513111111e-01 -1.473627546e-01 1.175903930e-01 1.565742508e-01 2.943437505e-01 4.041982534e-01 -1.260197337e-01 -6.161465404e-02 -4.181474566e-01 -3.399508375e-01 3.191321023e-02 7.274911801e-02 2.437504925e-01 2.126030086e-01 -1.430301791e-01 -1.554339485e-01 -2.591550822e-01 -3.059585966e-01 6.408389894e-02 -6.794401847e-02 2.478075001e-01 
9.713111111e-01 -1.525804544e-01 1.107361139e-01 1.290576468e-01 3.074050476e-01 4.176278355e-01 -6.960023255e-02 1.541735925e-02 -4.223813041e-01 -3.383444059e-01 -4.591391871e-02 4.035627862e-03 2.543431746e-01 2.467939455e-01 -6.892328944e-02 -5.252054983e-02 -2.975947930e-01 -3.060653901e-01 -6.357189536e-02 -1.703107535e-01 1.924037265e-01 
9.913111111e-01 -1.574796041e-01 1.036506452e-01 1.004638442e-01 3.179005434e-01 4.232212080e-01 -1.187477914e-02 9.193571361e-02 -4.125427076e-01 -3.191521292e-01 -1.213546182e-01 -6.497933338e-02 2.459358107e-01 2.559480859e-01 1.217574246e-02 5.733384192e-02 -2.967050717e-01 -2.551306580e-01 -1.806260122e-01 -2.377291867e-01 9.751810367e-02 
1.011311111e+00 -1.620499756e-01 9.634877982e-02 7.103150533e-02 3.257426357e-01 4.208734192e-01 4.607348811e-02 1.653910532e-01 -3.889594588e-01 -2.833715484e-01 -1.904877699e-01 -1.291401824e-01 2.191564511e-01 2.391367588e-01 9.203956745e-02 1.596111272e-01 -2.566035017e-01 -1.616486190e-01 -2.675577188e-01 -2.563648437e-01 -1.737854055e-02 
1.031311111e+00 -1.662820271e-01 8.884576212e-02 4.100629164e-02 3.308658694e-01 4.106285220e-01 1.031572500e-01 2.333360723e-01 -3.524172788e-01 -2.328624010e-01 -2.497200976e-01 -1.836539495e-01 1.760055782e-01 1.980654427e-01 1.625661458e-01 2.407945790e-01 -1.825898128e-01 -4.120896762e-02 -3.098696983e-01 -2.223936291e-01 -1.287090536e-01 
1.051311111e+00 -1.701669230e-01 8.115725657e-02 1.063881292e-02 3.332274826e-01 3.926787478e-01 1.583054085e-01 2.935070522e-01 -3.041336407e-01 -1.702499587e-01 -2.959729320e-01 -2.244483256e-01 1.197066659e-01 1.369007480e-01 2.166006846e-01 2.901551821e-01 -8.444548110e-02 8.610296871e-02 -3.005057199e-01 -1.427865429e-01 -2.136280644e-01 
1.071311111e+00 -1.736965527e-01 7.329931484e-02 -1.981746421e-02 3.328077637e-01 3.673608992e-01 2.104831848e-01 3.438992811e-01 -2.457172063e-01 -9.878857627e-02 -3.268422282e-01 -2.484758727e-01 5.446537822e-02 6.184772159e-02 2.486614782e-01 3.011695547e-01 2.485896797e-02 1.990557941e-01 -2.410273838e-01 -3.387920941e-02 -2.547099250e-01 
