# nmin = 1 nmax = 11 
#   t        realpha           imalpha
#
#
-4.886888889e-01 9.999998026e-01 6.283184894e-04 0.000000000e+00 0.000000000e+00 0.000000000e+00 0.000000000e+00 0.000000000e+00 0.000000000e+00 0.000000000e+00 0.000000000e+00 0.000000000e+00 0.000000000e+00 0.000000000e+00 0.000000000e+00 0.000000000e+00 0.000000000e+00 0.000000000e+00 0.000000000e+00 0.000000000e+00 0.000000000e+00 
-4.686888889e-01 9.979870790e-01 6.341758578e-02 0.000000000e+00 0.000000000e+00 0.000000000e+00 0.000000000e+00 0.000000000e+00 0.000000000e+00 0.000000000e+00 0.000000000e+00 0.000000000e+00 0.000000000e+00 0.000000000e+00 0.000000000e+00 0.000000000e+00 0.000000000e+00 0.000000000e+00 0.000000000e+00 0.000000000e+00 0.000000000e+00 
-4.486888889e-01 9.920357563e-01 1.259565728e-01 0.000000000e+00 0.000000000e+00 0.000000000e+00 0.000000000e+00 0.000000000e+00 0.000000000e+00 0.000000000e+00 0.000000000e+00 0.000000000e+00 0.000000000e+00 0.000000000e+00 0.000000000e+00 0.000000000e+00 0.000000000e+00 0.000000000e+00 0.000000000e+00 0.000000000e+00 0.000000000e+00 
-4.286888889e-01 9.821693217e-01 1.879984668e-01 2.669926270e-18 5.903900485e-19 -1.623363249e-18 -4.078172462e-19 1.239372563e-18 3.491847089e-19 -1.029503007e-18 -3.219905528e-19 8.927142568e-19 3.073983047e-19 -7.941382834e-19 -2.990291404e-19 7.183162571e-19 2.941135474e-19 -6.572640433e-19 -2.912526666e-19 6.064081358e-19 2.896635848e-19 
-4.086888889e-01 9.684267135e-01 2.492984168e-01 8.261208886e-18 2.536670591e-18 -4.973028658e-18 -1.780767049e-18 3.749700618e-18 1.540242881e-18 -3.068426092e-18 -1.427988263e-18 2.614382714e-18 1.365378902e-18 -2.279102824e-18 -1.325874168e-18 2.014648709e-18 1.298003238e-18 -1.796391424e-18 -1.276016743e-18 1.610333741e-18 1.256741260e-18 
-3.886888889e-01 9.508621675e-01 3.096144998e-01 2.763376948e-17 1.053319333e-17 -1.653341302e-17 -7.253741961e-18 1.237527374e-17 6.169925687e-18 -1.004108271e-17 -5.632833083e-18 8.473422515e-18 5.306804631e-18 -7.308632911e-18 -5.078426742e-18 6.386526623e-18 4.898838168e-18 -5.625213939e-18 -4.743831346e-18 4.978450131e-18 4.600391646e-18 
-3.686888889e-01 9.295450029e-01 3.687086758e-01 9.923709235e-17 4.503477589e-17 -5.916732084e-17 -3.037085283e-17 4.412511651e-17 2.538687541e-17 -3.566892864e-17 -2.283247298e-17 2.998941426e-17 2.122867356e-17 -2.577711534e-17 -2.007532925e-17 2.245554957e-17 1.915740075e-17 -1.972996602e-17 -1.836906154e-17 1.743352742e-17 1.765415661e-17 
-3.486888889e-01 9.045593489e-01 4.263477271e-01 3.621658943e-16 1.922785601e-16 -2.152123726e-16 -1.276863135e-16 1.599608100e-16 1.053680705e-16 -1.288751793e-16 -9.373827697e-17 1.080017082e-16 8.634410887e-17 -9.254169869e-17 -8.100055567e-17 8.038020505e-17 7.676714117e-17 -7.043303224e-17 -7.318018195e-17 6.208325056e-17 6.999232822e-17 
-3.286888889e-01 8.760038123e-01 4.823041787e-01 1.322496993e-15 8.118634516e-16 -7.829247254e-16 -5.329178860e-16 5.796697883e-16 4.354635432e-16 -4.651556249e-16 -3.841514493e-16 3.882101398e-16 3.512948375e-16 -3.312232646e-16 -3.275030228e-16 2.864234530e-16 3.087231702e-16 -2.498171925e-16 -2.929465435e-16 2.191233738e-16 2.790899613e-16 
-3.086888889e-01 8.439910890e-01 5.363571961e-01 4.811354535e-15 3.386212384e-15 -2.836303895e-15 -2.202228745e-15 2.090620574e-15 1.785108759e-15 -1.669726142e-15 -1.563768401e-15 1.386573738e-15 1.421260446e-15 -1.176752018e-15 -1.317856045e-15 1.011805032e-15 1.236362700e-15 -8.770861960e-16 -1.168217069e-15 7.642107894e-16 1.108760476e-15 
-2.886888889e-01 8.086475183e-01 5.882934566e-01 1.740807105e-14 1.396405689e-14 -1.021360379e-14 -9.011582526e-15 7.490359702e-15 7.255045822e-15 -5.949965221e-15 -6.317095328e-15 4.912168259e-15 5.710452648e-15 -4.142574761e-15 -5.269359926e-15 3.537539767e-15 4.921929187e-15 -3.043647724e-15 -4.632221214e-15 2.630269559e-15 4.380565608e-15 
-2.686888889e-01 7.701125854e-01 6.379079916e-01 6.258185035e-14 5.701377296e-14 -3.652357285e-14 -3.655007557e-14 2.663205576e-14 2.925138762e-14 -2.102373461e-14 -2.533373231e-14 1.723920743e-14 2.279019898e-14 -1.443051889e-14 -2.093734783e-14 1.222238731e-14 1.947826721e-14 -1.042115811e-14 -1.826411034e-14 8.915594035e-15 1.721305925e-14 
-2.486888889e-01 7.285383699e-01 6.850049953e-01 2.233637594e-13 2.307683127e-13 -1.295785355e-13 -1.470830001e-13 9.386678986e-14 1.170933668e-13 -7.356625787e-14 -1.009251712e-13 5.984333157e-14 9.039406034e-14 -4.965033214e-14 -8.271036600e-14 4.163715008e-14 7.666046231e-14 -3.510610619e-14 -7.163459888e-14 2.965562506e-14 6.729647131e-14 
-2.286888889e-01 6.840889463e-01 7.293985971e-01 7.907242511e-13 9.269336217e-13 -4.555722999e-13 -5.877470379e-13 3.275055495e-13 4.656950289e-13 -2.544956492e-13 -3.996444512e-13 2.050466103e-13 3.565036143e-13 -1.682839632e-13 -3.249842617e-13 1.393851557e-13 3.001697003e-13 -1.158540398e-13 -2.795850798e-13 9.625043830e-14 2.618614680e-13 
-2.086888889e-01 6.369397362e-01 7.709135960e-01 2.773023596e-12 3.697890704e-12 -1.584875349e-12 -2.333835055e-12 1.129065496e-12 1.841218827e-12 -8.683704383e-13 -1.573748913e-12 6.914234245e-13 1.398631542e-12 -5.597408298e-13 -1.270536846e-12 4.562349852e-13 1.169700517e-12 -3.720447557e-13 -1.086157769e-12 3.020436180e-13 1.014382667e-12 
-1.886888889e-01 5.872768159e-01 8.093861510e-01 9.618310226e-12 1.466143431e-11 -5.444693152e-12 -9.213849150e-12 3.836258897e-12 7.240139110e-12 -2.912932804e-12 -6.165351235e-12 2.284692650e-12 5.460175778e-12 -1.816630563e-12 -4.943818474e-12 1.448757798e-12 4.537377702e-12 -1.149898395e-12 -4.201014376e-12 9.019588079e-13 3.912585410e-12 
-1.686888889e-01 5.352961824e-01 8.446644287e-01 3.292422529e-11 5.780199581e-11 -1.841980274e-11 -3.618226760e-11 1.280012856e-11 2.832630463e-11 -9.560268806e-12 -2.403702114e-11 7.349613697e-12 2.121744823e-11 -5.700444230e-12 -1.915092998e-11 4.404427326e-12 1.752444100e-11 -3.353015228e-12 -1.617971728e-11 2.482977017e-12 1.502861147e-11 
-1.486888889e-01 4.812029793e-01 8.766092018e-01 1.108883037e-10 2.266916282e-10 -6.112187942e-11 -1.413803606e-10 4.171611094e-11 1.102976150e-10 -3.047114634e-11 -9.328585308e-11 2.277284309e-11 8.208384507e-11 -1.702104451e-11 -7.386678780e-11 1.250152864e-11 6.739988424e-11 -8.841013404e-12 -6.205806187e-11 5.821091995e-12 5.749251705e-11 
-1.286888889e-01 4.252106880e-01 9.050943988e-01 3.658438979e-10 8.847100347e-10 -1.977408517e-10 -5.498513812e-10 1.316711900e-10 4.275438766e-10 -9.314801757e-11 -3.604556300e-10 6.666922975e-11 3.162090049e-10 -4.684922896e-11 -2.837276153e-10 3.127797772e-11 2.581661634e-10 -1.869105823e-11 -2.370690935e-10 8.344629254e-12 2.190637457e-10 
-1.086888889e-01 3.675402844e-01 9.300076018e-01 1.174407914e-09 3.436819306e-09 -6.177046928e-10 -2.128940376e-09 3.966873707e-10 1.650123723e-09 -2.668124839e-10 -1.386938964e-09 1.770988073e-10 1.213105781e-09 -1.097939560e-10 -1.085404082e-09 5.692727071e-11 9.849146048e-10 -1.429636461e-11 -9.020389748e-10 -2.058810396e-11 8.314028624e-10 
-8.868888889e-02 3.084193674e-01 9.512504895e-01 3.627848819e-09 1.329217161e-08 -1.831614611e-09 -8.207694880e-09 1.108860140e-09 6.342160577e-09 -6.798225597e-10 -5.314758366e-09 3.815584911e-10 4.635224051e-09 -1.571494899e-10 -4.135689806e-09 -1.907611328e-11 3.742625210e-09 1.607429205e-10 -3.418688042e-09 -2.759958174e-10 3.142937103e-09 
-6.868888889e-02 2.480812611e-01 9.687392260e-01 1.056940470e-08 5.119071184e-08 -4.979694376e-09 -3.151209990e-08 2.687598354e-09 2.427668877e-08 -1.307918823e-09 -2.028456057e-08 3.405069935e-10 1.764067334e-08 3.901533680e-10 -1.569589116e-08 -9.637443656e-10 1.416569954e-08 1.422955972e-09 -1.290546859e-08 -1.793637627e-09 1.183397055e-08 
-4.868888889e-02 1.867640949e-01 9.824047907e-01 2.782361829e-08 1.963343898e-07 -1.134757763e-08 -1.204963217e-07 4.392825876e-09 9.255583323e-08 -1.200709678e-10 -7.711230508e-08 -2.912925540e-09 6.687164886e-08 5.216069876e-09 -5.933431697e-08 -7.023278679e-09 5.340410819e-08 8.461730838e-09 -4.852325877e-08 -9.609944068e-09 4.437806255e-08 
-2.868888889e-02 1.247098697e-01 9.921932515e-01 5.857609271e-08 7.499759112e-07 -1.426039911e-08 -4.589180078e-07 -5.415748201e-09 3.514748289e-07 1.791428994e-08 -2.919856681e-07 -2.695825784e-08 2.524905778e-07 3.388282220e-08 -2.234044719e-07 -3.931249837e-08 2.005212597e-07 4.359592673e-08 -1.816988577e-07 -4.695560042e-08 1.657307374e-07 
-8.688888889e-03 6.216352350e-02 9.980659779e-01 4.312377047e-08 2.853359941e-06 5.532790717e-08 -1.740856467e-06 -1.042299144e-07 1.329388348e-06 1.373795576e-07 -1.101183709e-06 -1.622123124e-07 9.494992961e-07 1.814999790e-07 -8.377279106e-07 -1.966050169e-07 7.497964492e-07 2.083369152e-07 -6.775116571e-07 -2.172497049e-07 6.162513553e-07 
1.131111111e-02 -6.279573496e-04 9.999998027e-01 -5.163884492e-07 1.081161699e-05 6.241311644e-07 -6.576760141e-06 -7.112591756e-07 5.007482488e-06 7.823981452e-07 -4.135697719e-06 -8.402725780e-07 3.555558056e-06 8.866560774e-07 -3.127826687e-06 -9.228768914e-07 2.791333346e-06 9.500444462e-07 -2.514865889e-06 -9.691405675e-07 2.280777838e-06 
3.131111111e-02 -6.341621865e-02 9.979871646e-01 -4.528367469e-06 4.078313984e-05 3.928082630e-06 -2.473409621e-05 -3.884254565e-06 1.877557132e-05 3.945888192e-06 -1.545985137e-05 -4.026680029e-06 1.325071859e-05 4.100188251e-06 -1.162093347e-05 -4.156857406e-06 1.033872243e-05 4.193400803e-06 -9.285676153e-06 -4.209107458e-06 8.394559525e-06 
5.131111111e-02 -1.259514188e-01 9.920363930e-01 -2.680325566e-05 1.529266670e-04 2.072486731e-05 -9.245557831e-05 -1.914443297e-05 6.996021725e-05 1.858905713e-05 -5.741971648e-05 -1.836779145e-05 4.905312390e-05 1.825539835e-05 -4.287563737e-05 -1.816043047e-05 3.801407701e-05 1.804152102e-05 -3.402138457e-05 -1.787659261e-05 3.064069280e-05 
7.131111111e-02 -1.879791180e-01 9.821727734e-01 -1.367455240e-04 5.669255006e-04 9.970620347e-05 -3.415301162e-04 -8.848064080e-05 2.574974835e-04 8.343098016e-05 -2.105455292e-04 -8.060206679e-05 1.791599220e-04 7.867951535e-05 -1.559515019e-04 -7.711018809e-05 1.376655718e-04 7.562146427e-05 -1.226269665e-04 -7.401964232e-05 1.098374907e-04 
9.131111111e-02 -2.492260673e-01 9.684419277e-01 -6.321690347e-04 2.037977273e-03 4.451517691e-04 -1.221640856e-03 -3.848518634e-04 9.163700551e-04 3.554267866e-04 -7.451460003e-04 -3.374682040e-04 6.302446743e-04 3.244538940e-04 -5.449679358e-04 -3.135582018e-04 4.775269178e-04 3.032381778e-04 -4.217657868e-04 -2.918805204e-04 3.736211883e-04 
1.113111111e-01 -3.093458662e-01 9.509106734e-01 -2.580763155e-03 6.696223326e-03 1.779514302e-03 -3.975691964e-03 -1.511709105e-03 2.952640298e-03 1.373623873e-03 -2.373940301e-03 -1.283435565e-03 1.982103174e-03 1.213383482e-03 -1.688787316e-03 -1.150930669e-03 1.454830733e-03 1.087958685e-03 -1.259142596e-03 -1.011386702e-03 1.084812721e-03 
1.313111111e-01 -3.677607909e-01 9.296240471e-01 -8.465593536e-03 1.788261350e-02 5.770916248e-03 -1.039184868e-02 -4.840560890e-03 7.542783396e-03 4.327074311e-03 -5.904186962e-03 -3.959517150e-03 4.778006098e-03 3.645906843e-03 -3.926522915e-03 -3.343094770e-03 3.244740743e-03 3.017719239e-03 -2.674951638e-03 -2.598799688e-03 2.164128073e-03 
1.513111111e-01 -4.235365558e-01 9.046004855e-01 -2.073836840e-02 3.565030369e-02 1.402212530e-02 -1.986726165e-02 -1.159167744e-02 1.375833299e-02 1.011735334e-02 -1.017882124e-02 -8.948507331e-03 7.704890381e-03 7.874475281e-03 -5.861060953e-03 -6.802808903e-03 4.441873993e-03 5.660512220e-03 -3.338515596e-03 -4.272175931e-03 2.464121604e-03 
1.713111111e-01 -4.757749226e-01 8.761212829e-01 -3.954937773e-02 5.536795250e-02 2.638173458e-02 -2.884027445e-02 -2.128294560e-02 1.840462044e-02 1.787260410e-02 -1.227667633e-02 -1.498371620e-02 8.170860680e-03 1.229463134e-02 -5.331624898e-03 -9.708921962e-03 3.421960127e-03 7.172373989e-03 -2.249608976e-03 -4.503294396e-03 1.676011149e-03 
1.913111111e-01 -5.240234423e-01 8.447672141e-01 -6.375654864e-02 7.295797463e-02 4.149901683e-02 -3.444469220e-02 -3.219634327e-02 1.923862908e-02 2.552627033e-02 -1.059604505e-02 -1.980892575e-02 5.319260231e-03 1.472075455e-02 -2.281896918e-03 -1.026146844e-02 8.727724026e-04 6.460287285e-03 -6.366032946e-04 -3.199526215e-03 1.163957266e-03 
2.113111111e-01 -5.681790833e-01 8.111490188e-01 -9.212026843e-02 8.640959706e-02 5.775065376e-02 -3.550834134e-02 -4.237492906e-02 1.579963463e-02 3.102800508e-02 -5.503463566e-03 -2.164987271e-02 3.524880265e-04 1.403464777e-02 1.444307316e-03 -8.255384604e-03 -1.118587047e-03 4.244279248e-03 -2.967223251e-04 -1.639841828e-03 1.874981683e-03 
2.313111111e-01 -6.083097370e-01 7.757936158e-01 -1.234577922e-01 9.483576496e-02 7.355595462e-02 -3.191894213e-02 -5.013295433e-02 8.804404610e-03 3.303152798e-02 1.440966472e-03 -1.995007589e-02 -4.592347427e-03 1.070755460e-02 3.660381097e-03 -5.056465864e-03 -9.315402705e-04 2.250392247e-03 -1.839345739e-03 -1.073649279e-03 3.416504210e-03 
2.513111111e-01 -6.445547747e-01 7.391439590e-01 -1.566417068e-01 9.787674836e-02 8.754695649e-02 -2.417949139e-02 -5.435356963e-02 -3.802542959e-04 3.120874964e-02 8.249175057e-03 -1.547835829e-02 -7.503001324e-03 6.437976225e-03 3.047393673e-03 -2.645363869e-03 1.601192129e-03 1.893973184e-03 -4.396921201e-03 -1.780205627e-03 4.668739288e-03 
2.713111111e-01 -6.770750584e-01 7.015801425e-01 -1.906324540e-01 9.546829587e-02 9.869134985e-02 -1.315678725e-02 -5.462681234e-02 -1.014718147e-02 2.623496332e-02 1.313406049e-02 -9.939415625e-03 -7.234237478e-03 3.280366944e-03 -3.063815062e-04 -2.468883734e-03 5.244294514e-03 3.405619867e-03 -6.397873555e-03 -3.050571263e-03 4.784297171e-03 
2.913111111e-01 -7.060345034e-01 6.634366298e-01 -2.245037727e-01 8.773836017e-02 1.063395284e-01 1.008829709e-04 -5.121407308e-02 -1.898086425e-02 1.949340106e-02 1.494672373e-02 -5.294180587e-03 -3.813601391e-03 2.713668640e-03 -5.073899708e-03 -4.711012387e-03 8.155736846e-03 5.806446591e-03 -6.648269213e-03 -3.831388125e-03 3.774761768e-03 
3.113111111e-01 -7.316014594e-01 6.250105794e-01 -2.574448852e-01 7.495069817e-02 1.102015415e-01 1.450044209e-02 -4.488309167e-02 -2.568515200e-02 1.263532889e-02 1.335907482e-02 -3.079390719e-03 1.705266815e-03 5.061212243e-03 -9.369003977e-03 -8.288829605e-03 8.897132870e-03 7.595087752e-03 -5.038791728e-03 -3.474497735e-03 2.419566967e-03 
3.313111111e-01 -7.539565026e-01 5.865627766e-01 -2.887504612e-01 5.747193064e-02 1.102868026e-01 2.899630931e-02 -3.669078748e-02 -2.949294813e-02 7.156397090e-03 8.801798412e-03 -3.970282412e-03 7.706890042e-03 9.459071568e-03 -1.157125196e-02 -1.147483618e-02 7.129401080e-03 7.651966601e-03 -2.545667315e-03 -2.118618462e-03 1.698382168e-03 
3.513111111e-01 -7.732959798e-01 5.483157055e-01 -3.178132724e-01 3.575007748e-02 1.068389614e-01 4.264671195e-02 -2.778215168e-02 -3.007690661e-02 4.105062893e-03 2.237421273e-03 -7.692306325e-03 1.257625378e-02 1.430343040e-02 -1.093563952e-02 -1.276230037e-02 3.706818523e-03 5.841253731e-03 -6.319647561e-04 -5.460975745e-04 2.171502573e-03 
3.713111111e-01 -7.898275117e-01 5.104531629e-01 -3.441256637e-01 1.029527527e-02 1.002826484e-01 5.464813299e-02 -1.924146395e-02 -2.749839582e-02 3.963896541e-03 -5.126157473e-03 -1.323913883e-02 1.515506610e-02 1.792259351e-02 -7.782046426e-03 -1.154028694e-02 2.111361663e-04 3.037567615e-03 -4.463778975e-04 3.188657193e-04 3.671461486e-03 
3.913111111e-01 -8.037606644e-01 4.731232652e-01 -3.672851415e-01 -1.834268933e-02 9.118236002e-02 6.435984232e-02 -1.199983160e-02 -2.213078634e-02 6.679040514e-03 -1.209367762e-02 -1.925877328e-02 1.497403069e-02 1.917866849e-02 -3.265282316e-03 -8.303559754e-03 -1.787805258e-03 6.380922303e-04 -2.250438903e-03 -5.707664220e-05 5.430876095e-03 
4.113111111e-01 -8.153010851e-01 4.364429790e-01 -3.869908226e-01 -4.960083659e-02 8.020540727e-02 7.132501930e-02 -6.783962338e-03 -1.458170532e-02 1.177856226e-02 -1.766320979e-02 -2.444992442e-02 1.224738984e-02 1.779096218e-02 1.114295936e-03 -4.372111728e-03 -1.389709144e-03 -1.399129339e-04 -5.323831043e-03 -1.538890389e-03 6.521482154e-03 
4.313111111e-01 -8.246628482e-01 4.004966827e-01 -4.030052608e-01 -8.293227872e-02 6.808240690e-02 7.529561107e-02 -4.086264732e-03 -5.631384595e-03 1.851746552e-02 -2.111761283e-02 -2.785363961e-02 7.692868614e-03 1.432232497e-02 4.042278578e-03 -1.305876970e-03 1.315984530e-03 1.177213825e-03 -8.333945340e-03 -3.412989920e-03 6.343519596e-03 
4.513111111e-01 -8.321351736e-01 3.653060878e-01 -4.150154934e-01 -1.178409659e-01 5.556663700e-02 7.629227722e-02 -4.134594340e-03 3.782412502e-03 2.600167932e-02 -2.203254603e-02 -2.899911698e-02 2.264395578e-03 9.907771980e-03 4.796265285e-03 -2.891906745e-04 5.331873785e-03 4.133984675e-03 -9.949379666e-03 -4.769099404e-03 4.921193882e-03 
4.713111111e-01 -8.382966392e-01 3.307038517e-01 -4.222197107e-01 -1.539313936e-01 4.339452287e-02 7.480897001e-02 -6.815704329e-03 1.245654238e-02 3.326034048e-02 -2.020197511e-02 -2.793947150e-02 -3.154182502e-03 5.872983991e-03 3.487413861e-03 -1.711818553e-03 9.120945990e-03 7.597116264e-03 -9.409868107e-03 -5.000835595e-03 2.877558422e-03 
4.913111111e-01 -8.444110067e-01 2.960207786e-01 -4.225612261e-01 -1.909298262e-01 3.218302574e-02 7.227327244e-02 -1.146156744e-02 1.869664946e-02 3.927869024e-02 -1.551776370e-02 -2.522651147e-02 -8.114829752e-03 3.313856258e-03 1.180386908e-03 -5.045663446e-03 1.110932052e-02 1.037152552e-02 -6.811338226e-03 -4.237275460e-03 1.057478801e-03 
5.113111111e-01 -8.520318055e-01 2.600524857e-01 -4.133513543e-01 -2.283776562e-01 2.205052206e-02 7.080067903e-02 -1.670624838e-02 2.087889984e-02 4.315859744e-02 -8.118355283e-03 -2.158709173e-02 -1.278532616e-02 2.504061439e-03 -5.165445205e-04 -9.060122214e-03 1.036654235e-02 1.184546543e-02 -2.873283137e-03 -3.258828704e-03 -1.496114211e-04 
5.313111111e-01 -8.609600074e-01 2.222633220e-01 -3.949694328e-01 -2.651735309e-01 1.240755586e-02 7.087545909e-02 -2.128822780e-02 1.931459222e-02 4.447546938e-02 1.113025687e-03 -1.719940572e-02 -1.723134671e-02 2.655042171e-03 -8.894066307e-04 -1.242518283e-02 7.164269018e-03 1.183068430e-02 1.652177330e-03 -2.493812595e-03 -1.025359515e-03 
5.513111111e-01 -8.695913593e-01 1.831977435e-01 -3.704348818e-01 -3.001825807e-01 2.756274794e-03 7.117472730e-02 -2.484178282e-02 1.566124851e-02 4.326848685e-02 1.092408200e-02 -1.190020897e-02 -2.091084989e-02 2.913393550e-03 -3.953372537e-04 -1.427959716e-02 2.480684656e-03 1.014983554e-02 6.040163069e-03 -1.721008904e-03 -1.766400513e-03 
5.713111111e-01 -8.768892126e-01 1.434345862e-01 -3.418552246e-01 -3.327739230e-01 -6.934067656e-03 7.067813091e-02 -2.739934576e-02 1.102466642e-02 3.972855445e-02 2.037413410e-02 -5.811388065e-03 -2.324763488e-02 2.941798957e-03 4.321285978e-04 -1.426374654e-02 -2.719796289e-03 6.892061744e-03 9.518081111e-03 -7.691309492e-04 -2.252503311e-03 
5.913111111e-01 -8.824858688e-01 1.032719987e-01 -3.101533515e-01 -3.625984764e-01 -1.650626121e-02 6.901210756e-02 -2.898296146e-02 5.895696849e-03 3.409760642e-02 2.882423782e-02 6.912457217e-04 -2.392201672e-02 2.675364828e-03 1.306201130e-03 -1.236223578e-02 -7.619352604e-03 2.518081136e-03 1.145444756e-02 2.950732895e-04 -2.331841569e-03 
6.113111111e-01 -8.862726129e-01 6.286439204e-02 -2.757911727e-01 -3.893959662e-01 -2.577564814e-02 6.609418872e-02 -2.958184048e-02 5.380794685e-04 2.668724308e-02 3.579266862e-02 7.138935203e-03 -2.283248828e-02 2.134949521e-03 2.073567840e-03 -8.825746914e-03 -1.152938460e-02 -2.267887030e-03 1.149826385e-02 1.289196528e-03 -1.954155304e-03 
6.313111111e-01 -8.882169120e-01 2.231717725e-02 -2.391084263e-01 -4.129423262e-01 -3.456408470e-02 6.194772063e-02 -2.918958727e-02 -4.845681279e-03 1.788794977e-02 4.090542599e-02 1.305303705e-02 -2.004426560e-02 1.376465776e-03 2.637712363e-03 -4.122324086e-03 -1.392088904e-02 -6.674113883e-03 9.630655935e-03 2.017383953e-03 -1.182666819e-03 
6.513111111e-01 -8.883086880e-01 -1.827895852e-02 -2.004251269e-01 -4.330415546e-01 -4.270488744e-02 5.664201341e-02 -2.782327926e-02 -1.007010454e-02 8.158456650e-03 4.389344326e-02 1.799213162e-02 -1.576073432e-02 4.777724952e-04 2.936215235e-03 1.126100783e-03 -1.447417776e-02 -9.967150315e-03 6.158926998e-03 2.331615974e-03 -1.706831334e-04 
6.713111111e-01 -8.865463193e-01 -5.883757018e-02 -1.600677224e-01 -4.495261778e-01 -5.004468158e-02 5.027433694e-02 -2.552956496e-02 -1.495956893e-02 -1.995194944e-03 4.460045339e-02 2.158724101e-02 -1.030043187e-02 -4.695812342e-04 2.937374478e-03 6.225779692e-03 -1.311504881e-02 -1.159803428e-02 1.660680999e-03 2.167511176e-03 8.757055508e-04 
6.913111111e-01 -8.829331554e-01 -9.927351596e-02 -1.183739769e-01 -4.622587133e-01 -5.644554508e-02 4.296355779e-02 -2.238517138e-02 -1.935077011e-02 -1.204517405e-02 4.298942433e-02 2.356976464e-02 -4.070832066e-03 -1.369357536e-03 2.640686263e-03 1.050270346e-02 -1.002279952e-02 -1.129478705e-02 -3.114344036e-03 1.558687293e-03 1.742232324e-03 
7.113111111e-01 -8.774766661e-01 -1.395022494e-01 -7.569212644e-02 -4.711329231e-01 -6.178731256e-02 3.484668750e-02 -1.849494258e-02 -2.309730148e-02 -2.146910004e-02 3.914400603e-02 2.379158341e-02 2.462820962e-03 -2.130233888e-03 2.076144132e-03 1.339162570e-02 -5.605999034e-03 -9.107961609e-03 -7.369954748e-03 6.300390472e-04 2.251206429e-03 
7.313111111e-01 -8.701882275e-01 -1.794397489e-01 -3.237848042e-02 -4.760747485e-01 -6.596973443e-02 2.607598354e-02 -1.398851106e-02 -2.607431218e-02 -2.977714740e-02 3.326404305e-02 2.223611861e-02 8.812482180e-03 -2.675007728e-03 1.300991400e-03 1.451074615e-02 -4.483336255e-04 -5.402237435e-03 -1.039649048e-02 -4.278875983e-04 2.298216175e-03 
7.513111111e-01 -8.610830529e-01 -2.190026261e-01 1.120542244e-02 -4.770429449e-01 -6.891432772e-02 1.681600410e-02 -9.016023177e-03 -2.818260989e-02 -3.653749379e-02 2.565514575e-02 1.901956403e-02 1.450382626e-02 -2.948408707e-03 3.938582223e-04 1.371216180e-02 4.768579578e-03 -7.956018873e-04 -1.168923458e-02 -1.398008101e-03 1.873622561e-03 
7.713111111e-01 -8.501801511e-01 -2.581082810e-01 5.469579889e-02 -4.740294321e-01 -7.056583954e-02 7.240496739e-03 -3.743148542e-03 -2.935195060e-02 -4.139876168e-02 1.671279320e-02 1.438220291e-02 1.911169874e-02 -2.922699544e-03 -5.532304372e-04 1.110141071e-02 9.355287689e-03 3.943712927e-03 -1.103260253e-02 -2.081252318e-03 1.064555246e-03 
7.913111111e-01 -8.375022846e-01 -2.966750703e-01 9.772964918e-02 -4.670593631e-01 -7.089328105e-02 -2.470868243e-03 1.654436454e-03 -2.954337492e-02 -4.410828077e-02 6.901773987e-03 8.670456868e-03 2.229188119e-02 -2.600488001e-03 -1.444194694e-03 7.023523300e-03 1.270562266e-02 8.025347419e-03 -8.536099233e-03 -2.337416854e-03 3.703775476e-05 
8.113111111e-01 -8.230759216e-01 -3.346224759e-01 1.399477847e-01 -4.561909145e-01 -6.989050813e-02 -1.213587071e-02 6.996900776e-03 -2.875050504e-02 -4.452522058e-02 -3.267972916e-03 2.311006935e-03 2.380680652e-02 -2.014461734e-03 -2.188647984e-03 2.017423520e-03 1.437681220e-02 1.076862087e-02 -4.616058512e-03 -2.113936064e-03 -9.980800188e-04 
8.313111111e-01 -8.069311808e-01 -3.718712729e-01 1.809978256e-01 -4.415148017e-01 -6.757633637e-02 -2.157316031e-02 1.210624993e-02 -2.699975690e-02 -4.262791014e-02 -1.326786310e-02 -4.221080749e-03 2.354330621e-02 -1.224072006e-03 -2.711066909e-03 -3.255294222e-03 1.414799584e-02 1.171604657e-02 7.378722066e-05 -1.456668941e-03 -1.828388640e-03 
8.513111111e-01 -7.891017682e-01 -4.083436952e-01 2.205371415e-01 -4.231535208e-01 -6.399418801e-02 -3.060565935e-02 1.681225613e-02 -2.434946003e-02 -3.851496437e-02 -2.257814062e-02 -1.043784356e-02 2.152106437e-02 -3.095024049e-04 -2.958453029e-03 -8.097799885e-03 1.204941342e-02 1.070962543e-02 4.751327700e-03 -5.004887701e-04 -2.283506167e-03 
8.713111111e-01 -7.696249075e-01 -4.439635975e-01 2.582357119e-01 -4.012603270e-01 -5.921127710e-02 -3.906388547e-02 2.095812974e-02 -2.088791416e-02 -3.240015841e-02 -3.071489295e-02 -1.587487438e-02 1.789114734e-02 6.364656507e-04 -2.905709472e-03 -1.187011924e-02 8.358408692e-03 7.917195029e-03 8.636504773e-03 5.583932695e-04 -2.270041052e-03 
8.913111111e-01 -7.485412613e-01 -4.786566141e-01 2.937788801e-01 -3.760179551e-01 -5.331734836e-02 -4.678913172e-02 2.440574303e-02 -1.673044732e-02 -2.460131644e-02 -3.725520291e-02 -2.012601396e-02 1.292471863e-02 1.517865424e-03 -2.558186978e-03 -1.407371139e-02 3.562776211e-03 3.804439861e-03 1.108140014e-02 1.502691256e-03 -1.790756380e-03 
9.113111111e-01 -7.258948471e-01 -5.123503148e-01 3.268699798e-01 -3.476370942e-01 -4.642299322e-02 -5.363644455e-02 2.704023213e-02 -1.201557351e-02 -1.552379235e-02 -4.185913025e-02 -2.287369197e-02 6.992782404e-03 2.245280513e-03 -1.951141071e-03 -1.441735475e-02 -1.703704445e-03 -9.427693200e-04 1.167828660e-02 2.138632274e-03 -9.440028711e-04 
9.313111111e-01 -7.017329450e-01 -5.449743554e-01 3.572328113e-01 -3.163546294e-01 -3.865757473e-02 -5.947734358e-02 2.877382398e-02 -6.900377795e-03 -5.639401060e-03 -4.428738048e-02 -2.391265024e-02 5.384685327e-04 2.744915980e-03 -1.146155454e-03 -1.285563420e-02 -6.745027504e-03 -5.532755940e-03 1.032762332e-02 2.335719228e-03 9.646299369e-05 
9.513111111e-01 -6.761059990e-01 -5.764606250e-01 3.846139467e-01 -2.824316642e-01 -3.016680025e-02 -6.420223241e-02 2.954876064e-02 -1.555282751e-03 4.538104680e-03 -4.441374247e-02 -2.316527611e-02 -5.956070231e-03 2.966084717e-03 -2.248944520e-04 -9.594943092e-03 -1.089494350e-02 -9.200062918e-03 7.254656032e-03 2.053509257e-03 1.117134349e-03 
9.713111111e-01 -6.490675118e-01 -6.067433883e-01 4.087848455e-01 -2.461513418e-01 -2.110998743e-02 -6.772245502e-02 2.933922362e-02 3.841629524e-03 1.447973714e-02 -4.223164840e-02 -2.068740022e-02 -1.200567624e-02 2.886349558e-03 7.191816829e-04 -5.066206735e-03 -1.360500923e-02 -1.133310544e-02 2.971853440e-03 1.349912733e-03 1.908566225e-03 
9.913111111e-01 -6.206739330e-01 -6.357594222e-01 4.295437616e-01 -2.078164811e-01 -1.165707485e-02 -6.997195931e-02 2.815219403e-02 9.110550536e-03 2.366876837e-02 -3.785451516e-02 -1.666412585e-02 -1.715842941e-02 2.513799489e-03 1.590298145e-03 1.320676600e-04 -1.451706874e-02 -1.157616298e-02 -1.806555446e-03 3.693098736e-04 2.308354314e-03 
1.011311111e+00 -5.909845414e-01 -6.634481486e-01 4.467174278e-01 -1.677470497e-01 -1.985433361e-03 -7.090853642e-02 2.602722006e-02 1.407593607e-02 3.162758777e-02 -3.150984935e-02 -1.139600125e-02 -2.102940668e-02 1.886229038e-03 2.300081755e-03 5.312888302e-03 -1.351058639e-02 -9.888701609e-03 -6.283690979e-03 -6.870765323e-04 2.234460843e-03 
1.031311111e+00 -5.600613211e-01 -6.897517602e-01 4.601625014e-01 -1.262774929e-01 7.723462040e-03 -7.051461279e-02 2.303509927e-02 1.857235476e-02 3.794252641e-02 -2.352742238e-02 -5.276567988e-03 -2.332943677e-02 1.067304084e-03 2.776526257e-03 9.791570047e-03 -1.071857653e-02 -6.552133763e-03 -9.712915885e-03 -1.602472675e-03 1.702048986e-03 
1.051311111e+00 -5.279688320e-01 -7.146153417e-01 4.697667613e-01 -8.375394255e-02 1.728743734e-02 -6.879757985e-02 1.927551994e-02 2.244999980e-02 4.228535800e-02 -1.432213019e-02 1.237037573e-03 -2.388670191e-02 1.401030726e-04 2.971297224e-03 1.297622078e-02 -6.510024646e-03 -2.122887962e-03 -1.152234952e-02 -2.189036388e-03 8.203713272e-04 
1.071311111e+00 -4.947740753e-01 -7.379869840e-01 4.754500441e-01 -4.053132763e-02 2.652703776e-02 -6.578965535e-02 1.487373965e-02 2.557968000e-02 4.443035879e-02 -4.372428585e-03 7.658233457e-03 -2.265957304e-02 -8.013111400e-04 2.864635495e-03 1.444596452e-02 -1.441123127e-03 2.660384932e-03 -1.141023855e-02 -2.326402955e-03 -2.296491058e-04 
