# nmin = 1 nmax = 11 
#   t        realpha           imalpha
#
#
-4.886888889e-01 0.000000000e+00 0.000000000e+00 0.000000000e+00 0.000000000e+00 0.000000000e+00 0.000000000e+00 0.000000000e+00 0.000000000e+00 0.000000000e+00 0.000000000e+00 9.999928939e-01 3.769902255e-03 0.000000000e+00 0.000000000e+00 0.000000000e+00 0.000000000e+00 0.000000000e+00 0.000000000e+00 0.000000000e+00 0.000000000e+00 
-4.686888889e-01 0.000000000e+00 0.000000000e+00 0.000000000e+00 0.000000000e+00 0.000000000e+00 0.000000000e+00 0.000000000e+00 0.000000000e+00 0.000000000e+00 0.000000000e+00 9.283820852e-01 3.716271032e-01 0.000000000e+00 0.000000000e+00 0.000000000e+00 0.000000000e+00 0.000000000e+00 0.000000000e+00 0.000000000e+00 0.000000000e+00 
-4.486888889e-01 0.000000000e+00 0.000000000e+00 0.000000000e+00 0.000000000e+00 0.000000000e+00 0.000000000e+00 0.000000000e+00 0.000000000e+00 0.000000000e+00 0.000000000e+00 7.263827716e-01 6.872903819e-01 0.000000000e+00 0.000000000e+00 0.000000000e+00 0.000000000e+00 0.000000000e+00 0.000000000e+00 0.000000000e+00 0.000000000e+00 
-4.286888889e-01 -5.162780355e-19 -7.904994946e-19 8.735321685e-19 1.424595383e-18 -1.360890134e-18 -2.368303706e-18 2.240797897e-18 4.170348899e-18 -4.744735148e-18 -9.468024553e-18 4.223651564e-01 9.064257690e-01 4.966715772e-18 1.150435289e-17 -2.477503244e-18 -6.219963670e-18 1.624715562e-18 4.443304243e-18 -1.182706616e-18 -3.544553198e-18 
-4.086888889e-01 -8.388793692e-19 -2.827638223e-18 1.259939611e-18 5.089507458e-18 -1.681910095e-18 -8.433142434e-18 2.246935253e-18 1.477052621e-17 -3.508738167e-18 -3.328547440e-17 5.902761012e-02 9.982563505e-01 5.187039314e-19 3.959871988e-17 6.937851560e-19 -2.111759900e-17 -1.171471049e-18 1.484815794e-17 1.456495159e-18 -1.163319784e-17 
-3.886888889e-01 7.311205929e-19 -9.971285137e-18 -2.161465782e-18 1.770461033e-17 4.968962108e-18 -2.890983638e-17 -1.110791416e-17 4.984353911e-17 3.039003341e-17 -1.104311846e-16 -3.126001886e-01 9.498847941e-01 -4.866674882e-17 1.264815736e-16 2.922258930e-17 -6.604217263e-17 -2.281248955e-17 4.539821570e-17 1.962188475e-17 -3.472185827e-17 
-3.686888889e-01 1.619813980e-17 -3.297941502e-17 -3.163557320e-17 5.747883794e-17 5.648651529e-17 -9.203863681e-17 -1.059514957e-16 1.554334746e-16 2.542600727e-16 -3.368883918e-16 -6.403242198e-01 7.681047413e-01 -3.379603097e-16 3.676704931e-16 1.892606799e-16 -1.869517692e-16 -1.392048828e-16 1.249300278e-16 1.136970892e-16 -9.271517371e-17 
-3.486888889e-01 1.027748470e-16 -9.250408065e-17 -1.908309830e-16 1.566306460e-16 3.256953505e-16 -2.429548274e-16 -5.865822076e-16 3.960840736e-16 1.356778198e-15 -8.253366676e-16 -8.781166172e-01 4.784466602e-01 -1.690952095e-15 8.194631080e-16 9.204364907e-16 -3.933436486e-16 -6.594452561e-16 2.458566303e-16 5.256444922e-16 -1.686593744e-16 
-3.286888889e-01 4.910721950e-16 -1.815579102e-16 -8.903502189e-16 2.841434619e-16 1.485144063e-15 -3.996900515e-16 -2.616373962e-15 5.747765513e-16 5.924337826e-15 -1.011943535e-15 -9.925801453e-01 1.215921675e-01 -7.091512681e-15 5.300751419e-16 3.786909121e-15 -1.043115319e-16 -2.663385852e-15 -5.090064965e-17 2.085378707e-15 1.360174458e-16 
-3.086888889e-01 1.985043646e-15 4.658012970e-17 -3.535688298e-15 -2.428272299e-16 5.793457020e-15 6.661383114e-16 -1.002519525e-14 -1.628161530e-15 2.229581573e-14 4.704264307e-15 -9.676387417e-01 -2.523395838e-01 -2.573937897e-14 -8.025663353e-15 1.349667342e-14 4.914336808e-15 -9.320102893e-15 -3.893499139e-15 7.164362901e-15 3.387061889e-15 
-2.886888889e-01 6.936053309e-15 2.937657390e-15 -1.213045719e-14 -5.795746644e-15 1.950139680e-14 1.044178268e-14 -3.308160283e-14 -1.974381245e-14 7.206064435e-14 4.772631215e-14 -8.067953525e-01 -5.908309904e-01 -7.957237519e-14 -6.424164830e-14 4.074097085e-14 3.617449994e-14 -2.743745859e-14 -2.674306963e-14 2.054243487e-14 2.194770429e-14 
-2.686888889e-01 2.036186125e-14 2.004939024e-14 -3.469120292e-14 -3.738488229e-14 5.420030141e-14 6.406576815e-14 -8.910796610e-14 -1.158395682e-13 1.875129634e-13 2.689698181e-13 -5.326399536e-01 -8.463419403e-01 -1.909529186e-13 -3.377057997e-13 9.318643696e-14 1.844840327e-13 -5.943471787e-14 -1.326416235e-13 4.181185617e-14 1.061004882e-13 
-2.486888889e-01 4.382088043e-14 9.915664838e-14 -7.015318446e-14 -1.803148731e-13 1.017042836e-13 3.016694835e-13 -1.525265558e-13 -5.330362989e-13 2.857711729e-13 1.210584811e-12 -1.836768561e-01 -9.829866797e-01 -2.019250804e-13 -1.457833772e-12 7.105930217e-14 7.808550876e-13 -2.440831632e-14 -5.508620062e-13 -6.870436558e-16 4.326362695e-13 
-2.286888889e-01 1.609031815e-14 4.109501686e-13 4.370941108e-15 -7.339903472e-13 -6.256017021e-14 1.206100774e-12 2.064112230e-13 -2.093164116e-12 -6.826471197e-13 4.669127822e-12 1.910831100e-01 -9.815738613e-01 1.323672182e-12 -5.424145863e-12 -8.398433619e-13 2.853514735e-12 6.832007097e-13 -1.977122997e-12 -6.066137522e-13 1.525065385e-12 
-2.086888889e-01 -5.171555099e-13 1.472000924e-12 1.040468305e-12 -2.582872929e-12 -1.905040230e-12 4.166864794e-12 3.651262058e-12 -7.094872296e-12 -8.928509470e-12 1.551588062e-11 5.390060211e-01 -8.423019110e-01 1.224397205e-11 -1.728381655e-11 -6.947392456e-12 8.892220931e-12 5.170958822e-12 -6.019718127e-12 -4.269502527e-12 4.532149875e-12 
-1.886888889e-01 -3.879856076e-12 4.469905688e-12 7.277098899e-12 -7.657414167e-12 -1.253878370e-11 1.203715657e-11 2.278725233e-11 -1.992633254e-11 -5.316177887e-11 4.225953717e-11 8.112271384e-01 -5.847311604e-01 6.732527158e-11 -4.386534290e-11 -3.692363464e-11 2.166288068e-11 2.664612012e-11 -1.401167325e-11 -2.138899858e-11 1.002354929e-11 
-1.686888889e-01 -1.992768674e-11 1.034815116e-11 3.636214764e-11 -1.684693798e-11 -6.103799006e-11 2.494727405e-11 1.082046010e-10 -3.846205012e-11 -2.465328034e-10 7.481782387e-11 9.695138148e-01 -2.450366561e-01 2.987337374e-10 -6.070202705e-11 -1.604924994e-10 2.484527274e-11 1.135557725e-10 -1.221043235e-11 -8.944294059e-11 5.485058821e-12 
-1.486888889e-01 -8.474182746e-11 8.670795784e-12 1.517863279e-10 -8.642306260e-12 -2.501369795e-10 2.753463262e-12 4.353799818e-10 1.544653466e-11 -9.740723195e-10 -8.039133869e-11 9.916351572e-01 1.290725183e-01 1.138485447e-09 2.030822574e-10 -6.007967568e-10 -1.364987360e-10 4.175934842e-10 1.155160241e-10 -3.231489120e-10 -1.055636017e-10 
-1.286888889e-01 -3.110158592e-10 -8.776136487e-11 5.474596686e-10 1.814923352e-10 -8.861442781e-10 -3.396146791e-10 1.514128020e-09 6.625105459e-10 -3.323539465e-09 -1.643894575e-09 8.744842887e-01 4.850538411e-01 3.732124798e-09 2.306267601e-09 -1.928542004e-09 -1.320505020e-09 1.311639096e-09 9.906423637e-10 -9.924072122e-10 -8.236417153e-10 
-1.086888889e-01 -9.744722889e-10 -7.439041802e-10 1.677572535e-09 1.404721721e-09 -2.651377694e-09 -2.435448162e-09 4.415503780e-09 4.451392590e-09 -9.427229481e-09 -1.043991150e-08 6.345147011e-01 7.729107931e-01 9.943385655e-09 1.334688224e-08 -4.958333796e-09 -7.351058771e-09 3.243022103e-09 5.326015453e-09 -2.350230727e-09 -4.291139402e-09 
-8.868888889e-02 -2.398326221e-09 -3.984836614e-09 3.955485920e-09 7.297622445e-09 -5.950899528e-09 -1.229322476e-08 9.358084059e-09 2.186766556e-08 -1.867253703e-08 -4.998982655e-08 3.054294110e-01 9.522147210e-01 1.643344904e-08 6.096431257e-08 -7.223281703e-09 -3.285363392e-08 4.000985188e-09 2.331526939e-08 -2.297123600e-09 -1.841816867e-08 
-6.868888889e-02 -2.894535214e-09 -1.740491625e-08 3.760602247e-09 3.126461103e-08 -3.822382186e-09 -5.167207607e-08 2.469309336e-09 9.020188821e-08 3.949942957e-09 -2.024040538e-07 -6.655252611e-02 9.977829229e-01 -2.717412396e-08 2.379869940e-07 2.040305977e-08 -1.259709131e-07 -1.844821773e-08 8.782654220e-08 1.761917441e-08 -6.817367192e-08 
-4.868888889e-02 1.409682955e-08 -6.543385792e-08 -3.039756251e-08 1.155299881e-07 5.867942578e-08 -1.875985215e-07 -1.172603538e-07 3.216131907e-07 2.965970464e-07 -7.084133634e-07 -4.291873396e-01 9.032154934e-01 -4.282079609e-07 8.014905126e-07 2.478898532e-07 -4.158373072e-07 -1.877245077e-07 2.840224235e-07 1.573541855e-07 -2.158594918e-07 
-2.868888889e-02 1.411021674e-07 -2.111133445e-07 -2.685587124e-07 3.650491449e-07 4.689602615e-07 -5.797543162e-07 -8.627420827e-07 9.706431567e-07 2.035473613e-06 -2.084520030e-06 -7.315440203e-01 6.817942111e-01 -2.629688198e-06 2.229031320e-06 1.455088141e-06 -1.120562912e-06 -1.058787497e-06 7.396443648e-07 8.564715495e-07 -5.416308337e-07 
-8.688888889e-03 7.924915574e-07 -5.475784451e-07 -1.457008781e-06 9.125378592e-07 2.463671137e-06 -1.389968925e-06 -4.398431258e-06 2.218761281e-06 1.009019148e-05 -4.509790539e-06 -9.311574639e-01 3.646173021e-01 -1.238800723e-05 4.189715230e-06 6.697053016e-06 -1.920314041e-06 -4.767293407e-06 1.130197274e-06 3.777154061e-06 -7.143129026e-07 
1.131111111e-02 3.559386465e-06 -8.246751410e-07 -6.412472608e-06 1.183943463e-06 1.062918631e-05 -1.462109195e-06 -1.860941099e-05 1.683490217e-06 4.187986859e-05 -1.815764227e-06 -9.999928991e-01 -3.767735481e-03 -4.953873553e-05 -2.521928459e-06 2.629892442e-05 2.578994418e-06 -1.838977757e-05 -2.670866468e-06 1.431681554e-05 2.754866122e-06 
3.131111111e-02 1.369765448e-05 2.058918298e-06 -2.425592326e-05 -4.773552463e-06 3.950706506e-05 9.677133888e-06 -6.794276908e-05 -2.003255584e-05 1.501363583e-04 5.203567865e-05 -9.283850999e-01 -3.716194580e-01 -1.711065204e-04 -7.803242808e-05 8.909423186e-05 4.579351647e-05 -6.108284618e-05 -3.507653780e-05 4.660427263e-05 2.968428847e-05 
5.131111111e-02 4.533702279e-05 2.630371377e-05 -7.870741973e-05 -5.055236072e-05 1.255319243e-04 8.903628884e-05 -2.111242138e-04 -1.650469220e-04 4.555382348e-04 3.919574161e-04 -7.264037378e-01 -6.872673405e-01 -4.933702969e-04 -5.130170625e-04 2.495720787e-04 2.851836915e-04 -1.659060756e-04 -2.083988935e-04 1.224380863e-04 1.691801596e-04 
7.131111111e-02 1.222842595e-04 1.544013885e-04 -2.054419125e-04 -2.851745900e-04 3.158300307e-04 4.842107642e-04 -5.095307619e-04 -8.675828047e-04 1.048056416e-03 1.995097157e-03 -4.224682638e-01 -9.063682878e-01 -1.014259726e-03 -2.476773457e-03 4.763698242e-04 1.340548887e-03 -2.900357469e-04 -9.555558553e-04 1.923158518e-04 7.571824604e-04 
9.131111111e-02 2.127517986e-04 6.895577572e-04 -3.215700523e-04 -1.246398589e-03 4.304433132e-04 2.071073773e-03 -5.736963259e-04 -3.630018957e-03 8.851032367e-04 8.148667617e-03 -5.946078607e-02 -9.981163286e-01 -1.073366014e-04 -9.829484619e-03 -1.935988653e-04 5.190459593e-03 3.071472620e-04 -3.614458504e-03 -3.677343592e-04 2.791687351e-03 
1.113111111e-01 -1.364869270e-04 2.432792118e-03 4.633810196e-04 -4.315847756e-03 -1.124129953e-03 7.022799836e-03 2.574031649e-03 -1.201340795e-02 -7.045559819e-03 2.609425397e-02 3.106872643e-01 -9.491659358e-01 1.205261850e-02 -3.120677185e-02 -7.065914991e-03 1.582324808e-02 5.390290401e-03 -1.061312058e-02 -4.451564289e-03 7.831389037e-03 
1.313111111e-01 -2.467428644e-03 6.297052757e-03 5.068342337e-03 -1.088757076e-02 -9.345292695e-03 1.715161264e-02 1.774316799e-02 -2.813590105e-02 -4.149758518e-02 5.734531454e-02 6.302497758e-01 -7.641059870e-01 6.461270122e-02 -6.910907010e-02 -3.375407392e-02 3.201770335e-02 2.336454472e-02 -1.978487321e-02 -1.724062724e-02 1.322049473e-02 
1.513111111e-01 -8.345843149e-03 1.140948102e-02 1.638837663e-02 -1.883228325e-02 -2.880474013e-02 2.787056876e-02 5.167079890e-02 -4.202249523e-02 -1.110380893e-01 7.550395142e-02 8.366664090e-01 -4.714210066e-01 1.847639814e-01 -8.517705503e-02 -8.503086443e-02 3.158949867e-02 5.289162043e-02 -1.566696592e-02 -3.389074496e-02 8.274802484e-03 
1.713111111e-01 -1.708567905e-02 1.559535554e-02 3.294828073e-02 -2.364451289e-02 -5.604504339e-02 3.088605250e-02 9.545688231e-02 -3.866215227e-02 -1.876254183e-01 5.139906146e-02 8.873546731e-01 -1.369997122e-01 3.420121796e-01 -1.530729511e-02 -1.319230296e-01 -7.126653659e-03 7.099991113e-02 9.628932300e-03 -3.778002473e-02 -6.570395860e-03 
1.913111111e-01 -2.700375522e-02 1.789504940e-02 5.118306283e-02 -2.334093498e-02 -8.378674070e-02 2.308297533e-02 1.339186532e-01 -1.479896499e-02 -2.369156459e-01 -1.096490002e-02 7.902800431e-01 1.579220073e-01 4.599428085e-01 1.619608514e-01 -1.383982050e-01 -6.899732942e-02 6.092812637e-02 3.740809221e-02 -2.563620545e-02 -1.508394480e-02 
2.113111111e-01 -3.708918839e-02 1.845716952e-02 6.866113949e-02 -1.829839589e-02 -1.068577614e-01 6.111068238e-03 1.572582220e-01 2.308864385e-02 -2.440011599e-01 -8.778730289e-02 5.952022508e-01 3.547880361e-01 4.701966162e-01 4.084822736e-01 -9.758706901e-02 -1.140996565e-01 3.209217385e-02 4.322890135e-02 -1.149850743e-02 -7.369179186e-03 
2.313111111e-01 -4.702402964e-02 1.761306803e-02 8.428717119e-02 -9.476672599e-03 -1.228442192e-01 -1.694855426e-02 1.623797868e-01 6.598696772e-02 -2.122695572e-01 -1.551723289e-01 3.672878576e-01 4.331768366e-01 3.450152153e-01 6.517483341e-01 -3.692463165e-02 -1.098948188e-01 1.011394046e-02 2.038352360e-02 -1.029684479e-02 1.023540069e-02 
2.513111111e-01 -5.675452799e-02 1.551784702e-02 9.760951436e-02 2.343831112e-03 -1.310475824e-01 -4.320068930e-02 1.507496854e-01 1.061154123e-01 -1.553147260e-01 -1.977636038e-01 1.642740986e-01 4.072077361e-01 1.045133119e-01 8.179406121e-01 -6.392654536e-04 -5.325654009e-02 1.604085132e-02 -1.544846270e-02 -2.481506083e-02 2.269855146e-02 
2.713111111e-01 -6.619517762e-02 1.219061547e-02 1.083040021e-01 1.658601709e-02 -1.315761001e-01 -7.026682185e-02 1.261787208e-01 1.380819756e-01 -8.952963662e-02 -2.102116792e-01 2.286362898e-02 3.124324214e-01 -1.949980192e-01 8.587700059e-01 -2.445040952e-02 2.643994645e-02 5.150161030e-02 -3.809305647e-02 -4.477751483e-02 1.933964398e-02 
2.913111111e-01 -7.515453260e-02 7.669148695e-03 1.160177236e-01 3.266375879e-02 -1.249265225e-01 -9.612815472e-02 9.331961192e-02 1.587898894e-01 -2.916350383e-02 -1.951064886e-01 -4.473452366e-02 1.905490743e-01 -4.834653229e-01 7.646145597e-01 -1.160900643e-01 8.150584356e-02 9.789297592e-02 -2.870607296e-02 -5.565108208e-02 1.719840874e-03 
3.113111111e-01 -8.341520621e-02 2.104922911e-03 1.204735748e-01 4.984529045e-02 -1.119552587e-01 -1.189843332e-01 5.690259942e-02 1.669984440e-01 1.597466647e-02 -1.597959866e-01 -4.643300392e-02 7.729805820e-02 -7.002578748e-01 5.622948495e-01 -2.503247977e-01 6.844945847e-02 1.282653451e-01 1.204864591e-02 -4.941568972e-02 -1.798113237e-02 
3.313111111e-01 -9.084781063e-02 -4.256473830e-03 1.216365349e-01 6.729977733e-02 -9.396488406e-02 -1.373230028e-01 2.138495482e-02 1.629897788e-01 4.087817924e-02 -1.135495218e-01 -2.098482618e-03 -3.996772204e-03 -8.098887781e-01 3.016318753e-01 -3.791759640e-01 -3.251348109e-02 1.237005991e-01 6.397682015e-02 -3.001807438e-02 -2.560587065e-02 
3.513111111e-01 -9.746282419e-02 -1.117007906e-02 1.197777133e-01 8.426787294e-02 -7.266766850e-02 -1.501366323e-01 -9.333086414e-03 1.483850783e-01 4.473184194e-02 -6.558403913e-02 6.465987459e-02 -4.352676420e-02 -8.067976425e-01 3.791985661e-02 -4.511293270e-01 -2.091361139e-01 8.468392357e-02 9.844130717e-02 -1.076578164e-02 -1.438852431e-02 
3.713111111e-01 -1.033722587e-01 -1.848337389e-02 1.153864840e-01 1.002248771e-01 -4.995251345e-02 -1.571041023e-01 -3.227296468e-02 1.259353843e-01 3.001892903e-02 -2.384136535e-02 1.325072159e-01 -4.260097385e-02 -7.104577820e-01 -1.830386468e-01 -4.302845629e-01 -4.220450497e-01 3.182937153e-02 9.382601623e-02 -6.073787867e-03 1.065942226e-02 
3.913111111e-01 -1.086963909e-01 -2.616552127e-02 1.089908458e-01 1.149330725e-01 -2.754592506e-02 -1.585909507e-01 -4.574371677e-02 9.912729112e-02 1.610709844e-03 5.784338987e-03 1.856320727e-01 -9.864226225e-03 -5.549839075e-01 -3.334755623e-01 -3.079795917e-01 -6.191417526e-01 -3.654113910e-03 4.728645600e-02 -2.281952979e-02 3.543602678e-02 
4.113111111e-01 -1.134766261e-01 -3.426233011e-02 1.009930290e-01 1.283624117e-01 -6.727702209e-03 -1.554473756e-01 -4.953027910e-02 7.160051215e-02 -3.417487208e-02 1.994895150e-02 2.147554477e-01 4.237275058e-02 -3.779258142e-01 -4.052369122e-01 -1.037237119e-01 -7.527323308e-01 5.464064826e-03 -2.254364205e-02 -5.610411072e-02 4.449651459e-02 
4.313111111e-01 -1.176379321e-01 -4.280728034e-02 9.160153379e-02 1.405355620e-01 1.178134608e-02 -1.487062163e-01 -4.479232767e-02 4.653361220e-02 -7.058843138e-02 1.807664168e-02 2.167839108e-01 1.010469732e-01 -2.116074912e-01 -4.063239948e-01 1.431577823e-01 -7.928872767e-01 6.961916738e-02 -8.244604062e-02 -9.137712939e-02 2.945013163e-02 
4.513111111e-01 -1.209971173e-01 -5.172895766e-02 8.087106650e-02 1.513839349e-01 2.776257330e-02 -1.393477156e-01 -3.374996197e-02 2.621733761e-02 -1.014369962e-01 2.195229075e-03 1.938146954e-01 1.545300001e-01 -7.822529526e-02 -3.554010905e-01 3.869099513e-01 -7.330908939e-01 1.762618509e-01 -9.747264499e-02 -1.115625164e-01 -6.294262914e-03 
4.713111111e-01 -1.232586371e-01 -6.076622816e-02 6.879070658e-02 1.606860831e-01 4.142917495e-02 -1.283052678e-01 -1.946579230e-02 1.196808969e-02 -1.217954389e-01 -2.364938130e-02 1.517907514e-01 1.945749033e-01 1.228004336e-02 -2.770883576e-01 5.891969134e-01 -5.871174650e-01 2.909989488e-01 -4.461884658e-02 -1.057946935e-01 -4.888680073e-02 
4.913111111e-01 -1.239598657e-01 -6.939317739e-02 5.533883007e-02 1.681463860e-01 5.358119479e-02 -1.167495277e-01 -5.977316217e-03 4.238688585e-03 -1.283743565e-01 -5.436260456e-02 9.844618877e-02 2.185854909e-01 6.403648021e-02 -1.983818641e-01 7.292067449e-01 -3.776185705e-01 3.643008057e-01 7.528161312e-02 -7.581855939e-02 -8.215070993e-02 
5.113111111e-01 -1.226938637e-01 -7.699120749e-02 4.056028608e-02 1.736148978e-01 6.557296036e-02 -1.058058019e-01 2.669413243e-03 2.127543261e-03 -1.203861821e-01 -8.501457669e-02 3.978326744e-02 2.295588681e-01 9.443927510e-02 -1.383915654e-01 7.996916763e-01 -1.230349486e-01 3.514077797e-01 2.286531489e-01 -3.362387436e-02 -9.881321237e-02 
5.313111111e-01 -1.197988107e-01 -8.345699307e-02 2.478997338e-02 1.771556548e-01 7.790150121e-02 -9.510703985e-02 5.957884988e-03 2.934614427e-03 -1.006315058e-01 -1.117780800e-01 -2.134532203e-02 2.288141396e-01 1.186827724e-01 -9.340060444e-02 7.875363994e-01 1.555317871e-01 2.478955517e-01 3.619194683e-01 1.105846185e-02 -9.941401884e-02 
5.513111111e-01 -1.160478478e-01 -8.918605278e-02 8.537307387e-03 1.789143057e-01 8.972238488e-02 -8.347297170e-02 6.366676714e-03 4.350474213e-03 -7.330586770e-02 -1.323963237e-01 -8.153573460e-02 2.138447298e-01 1.370671928e-01 -5.033816151e-02 6.805002559e-01 4.216512144e-01 8.644296860e-02 4.362097869e-01 5.233856777e-02 -8.330560136e-02 
5.713111111e-01 -1.118838308e-01 -9.450440382e-02 -7.848721266e-03 1.790307215e-01 1.001908247e-01 -7.044302754e-02 5.697532143e-03 5.613357593e-03 -4.149716701e-02 -1.458124069e-01 -1.361162727e-01 1.837090178e-01 1.446010705e-01 -4.878399468e-03 4.854581835e-01 6.357452492e-01 -9.462735306e-02 4.361823680e-01 8.315771152e-02 -5.156751851e-02 
5.913111111e-01 -1.074509525e-01 -9.954962566e-02 -2.417117530e-02 1.775936857e-01 1.088633821e-01 -5.610350781e-02 4.619933863e-03 6.618269171e-03 -7.386077392e-03 -1.514975588e-01 -1.807107487e-01 1.400020825e-01 1.384955138e-01 4.066977029e-02 2.264015399e-01 7.670093535e-01 -2.611392199e-01 3.624822798e-01 9.720671413e-02 -9.630198997e-03 
6.113111111e-01 -1.027891848e-01 -1.043633876e-01 -4.028590258e-02 1.746539945e-01 1.155094841e-01 -4.070510350e-02 3.342440055e-03 7.366604464e-03 2.713007682e-02 -1.492530655e-01 -2.118569521e-01 8.585279853e-02 1.186257889e-01 8.208763298e-02 -6.265310021e-02 7.972211850e-01 -3.843250737e-01 2.279836879e-01 9.144002123e-02 3.421522051e-02 
6.313111111e-01 -9.791328334e-02 -1.089523261e-01 -5.606048590e-02 1.702502702e-01 1.199898592e-01 -2.453923115e-02 1.946240985e-03 7.856374041e-03 6.023547022e-02 -1.392337542e-01 -2.271882586e-01 2.528795940e-02 8.678997883e-02 1.152034347e-01 -3.434761536e-01 7.221441517e-01 -4.434426533e-01 5.535832395e-02 6.695372888e-02 7.103656477e-02 
6.513111111e-01 -9.283360347e-02 -1.133118790e-01 -7.136539626e-02 1.644237979e-01 1.222183258e-01 -7.911617752e-03 4.848338683e-04 8.080374581e-03 9.020795886e-02 -1.219729127e-01 -2.255497720e-01 -3.716785110e-02 4.616315952e-02 1.366446823e-01 -5.789245764e-01 5.516426520e-01 -4.286053292e-01 -1.265274138e-01 2.874063014e-02 9.328509562e-02 
6.713111111e-01 -8.756042531e-02 -1.174343685e-01 -8.607397470e-02 1.572245174e-01 1.221531457e-01 8.864791878e-03 -9.923674443e-04 8.034090751e-03 1.154907018e-01 -9.837128200e-02 -2.070621660e-01 -9.684781861e-02 8.551599552e-04 1.442279287e-01 -7.378692878e-01 3.082385775e-01 -3.422875495e-01 -2.873192546e-01 -1.536728903e-02 9.639364196e-02 
6.913111111e-01 -8.210456346e-02 -1.213115666e-01 -1.000638947e-01 1.487128548e-01 1.197957588e-01 2.547493308e-02 -2.436293944e-03 7.719890327e-03 1.347702680e-01 -6.965648232e-02 -1.731063823e-01 -1.492931934e-01 -4.453956139e-02 1.371807558e-01 -7.993003810e-01 2.409816205e-02 -1.988861875e-01 -4.001971325e-01 -5.632129463e-02 7.972283985e-02 
7.113111111e-01 -7.647732810e-02 -1.249354716e-01 -1.132185447e-01 1.389599278e-01 1.151905094e-01 4.160707705e-02 -3.798968229e-03 7.148442439e-03 1.470448579e-01 -3.732118575e-02 -1.262190682e-01 -1.905860351e-01 -8.541594496e-02 1.162171471e-01 -7.550981294e-01 -2.632272143e-01 -2.231676472e-02 -4.463356406e-01 -8.571796042e-02 4.669295303e-02 
7.313111111e-01 -7.069043939e-02 -1.282985381e-01 -1.254281785e-01 1.280471525e-01 1.084238504e-01 5.695851797e-02 -5.035046072e-03 6.338826418e-03 1.516765810e-01 -3.046083416e-03 -6.990286293e-02 -2.176416410e-01 -1.176270965e-01 8.346358109e-02 -6.111039317e-01 -5.157651786e-01 1.579744822e-01 -4.180402187e-01 -9.752505305e-02 4.081604134e-03 
7.513111111e-01 -6.475597005e-02 -1.313937487e-01 -1.365909019e-01 1.160656146e-01 9.962276266e-02 7.124120842e-02 -6.103364219e-03 5.318021600e-03 1.484247269e-01 3.138733755e-02 -8.364739293e-03 -2.284388902e-01 -1.379052140e-01 4.224279529e-02 -3.863476727e-01 -7.001408477e-01 3.119208729e-01 -3.200295847e-01 -8.931971199e-02 -3.936728491e-02 
7.713111111e-01 -5.868630725e-02 -1.342146420e-01 -1.466135479e-01 1.031153187e-01 8.895239009e-02 8.418715487e-02 -6.968335216e-03 4.120037723e-03 1.374583224e-01 6.418936281e-02 5.379825197e-02 -2.221712040e-01 -1.441931045e-01 -3.263445298e-03 -1.105326073e-01 -7.919875457e-01 4.138492452e-01 -1.686486565e-01 -6.278569068e-02 -7.473788024e-02 
7.913111111e-01 -5.249412225e-02 -1.367553286e-01 -1.554124621e-01 8.930435597e-02 7.661294854e-02 9.555344524e-02 -7.601142352e-03 2.784787320e-03 1.193473608e-01 9.365507029e-02 1.119423848e-01 -1.993067947e-01 -1.358528685e-01 -4.843861594e-02 1.798901900e-01 -7.791670227e-01 4.467613314e-01 1.085725939e-02 -2.336785001e-02 -9.477202743e-02 
8.113111111e-01 -4.619234262e-02 -1.390105041e-01 -1.629142033e-01 7.474800146e-02 6.283597078e-02 1.051268071e-01 -7.980702775e-03 1.356756532e-03 9.503318095e-02 1.182529460e-01 1.617241527e-01 -1.615536889e-01 -1.137306065e-01 -8.869977746e-02 4.465391207e-01 -6.633736076e-01 4.051684893e-01 1.885525462e-01 2.084514646e-02 -9.535865687e-02 
8.313111111e-01 -3.979412487e-02 -1.409754603e-01 -1.690561572e-01 5.956775183e-02 4.787996283e-02 1.127276095e-01 -8.094370760e-03 -1.164771607e-04 6.577954072e-02 1.367044870e-01 1.994247379e-01 -1.117321345e-01 -8.007058151e-02 -1.199625081e-01 6.541744852e-01 -4.599102875e-01 2.960070211e-01 3.348035407e-01 6.078065327e-02 -7.637739032e-02 
8.513111111e-01 -3.331282689e-02 -1.426460947e-01 -1.737870592e-01 4.389031123e-02 3.202555351e-02 1.182132341e-01 -7.938359246e-03 -1.585830181e-03 3.310693215e-02 1.480506527e-01 2.222278163e-01 -5.356392128e-02 -3.828754175e-02 -1.390552607e-01 7.753556791e-01 -1.956662989e-01 1.374814285e-01 4.252204419e-01 8.824377900e-02 -4.172324328e-02 
8.713111111e-01 -2.676198001e-02 -1.440189196e-01 -1.770674219e-01 2.784653371e-02 1.557022892e-02 1.214807506e-01 -7.517866055e-03 -3.002348222e-03 -1.286447809e-03 1.517017132e-01 2.284299430e-01 8.605645507e-03 7.379699436e-03 -1.440411101e-01 7.940676790e-01 9.443649036e-02 -4.397149300e-02 4.447247184e-01 9.759900396e-02 1.492644393e-03 
8.913111111e-01 -2.015526077e-02 -1.450910688e-01 -1.788698655e-01 1.157033102e-02 -1.177249519e-03 1.224688486e-01 -6.846900724e-03 -4.318837267e-03 -3.561296315e-02 1.474679002e-01 2.175678043e-01 7.013234991e-02 5.229828355e-02 -1.344142511e-01 7.078375509e-01 3.720587738e-01 -2.180914322e-01 3.900637058e-01 8.692660659e-02 4.440223674e-02 
9.113111111e-01 -1.350646236e-02 -1.458603039e-01 -1.791793456e-01 -4.802445133e-03 -1.790263849e-02 1.211589878e-01 -5.947817751e-03 -5.491435956e-03 -6.808845319e-02 1.355692711e-01 1.904528282e-01 1.264199993e-01 9.191130198e-02 -1.111513110e-01 5.280612667e-01 6.005106395e-01 -3.558409754e-01 2.703530426e-01 5.841659637e-02 7.820035057e-02 
9.313111111e-01 -6.829465811e-03 -1.463250189e-01 -1.779932789e-01 -2.113513698e-02 -3.429210918e-02 1.175757460e-01 -4.850571811e-03 -6.481076915e-03 -9.702496649e-02 1.166242711e-01 1.491105683e-01 1.732637712e-01 1.222000861e-01 -7.661227269e-02 2.784976401e-01 7.496004229e-01 -4.342480810e-01 1.055564852e-01 1.791931700e-02 9.595150671e-02 
9.513111111e-01 -1.382110386e-04 -1.464842438e-01 -1.753215653e-01 -3.729142130e-02 -5.003813581e-02 1.117863577e-01 -3.591719758e-03 -7.254788353e-03 -1.209184940e-01 9.161758858e-02 9.662939089e-02 2.071643232e-01 1.400918939e-01 -3.430105874e-02 -7.871583601e-03 7.996247668e-01 -4.402370520e-01 -7.684338260e-02 -2.625506254e-02 9.401311213e-02 
9.713111111e-01 6.553332284e-03 -1.463376459e-01 -1.711865045e-01 -5.313644731e-02 -6.484526593e-02 1.038994527e-01 -2.213202666e-03 -7.786792589e-03 -1.385271418e-01 6.184897507e-02 3.692976589e-02 2.255892027e-01 1.437716341e-01 1.148993520e-02 -2.932005172e-01 7.439725709e-01 -3.728091273e-01 -2.464283304e-01 -6.504182073e-02 7.278293150e-02 
9.913111111e-01 1.323119388e-02 -1.458855314e-01 -1.656226105e-01 -6.853796217e-02 -7.843566420e-02 9.406301810e-02 -7.609484782e-04 -8.059364880e-03 -1.489356799e-01 2.886568895e-02 -2.552860132e-02 2.271620270e-01 1.328660036e-01 5.611529612e-02 -5.397807559e-01 5.899986993e-01 -2.432090417e-01 -3.749172301e-01 -9.048179291e-02 3.661746459e-02 
1.011311111e+00 1.988143203e-02 -1.451288442e-01 -1.586763230e-01 -8.336741488e-02 -9.055432557e-02 8.246162084e-02 7.166581690e-04 -8.063423958e-03 -1.516031123e-01 -5.617925014e-03 -8.607992070e-02 2.117653023e-01 1.084813589e-01 9.504786238e-02 -7.150248318e-01 3.580519788e-01 -7.304977836e-02 -4.408824075e-01 -9.735461683e-02 -7.062021123e-03 
1.031311111e+00 2.649016270e-02 -1.440691641e-01 -1.504056204e-01 -9.750102925e-02 -1.009738601e-01 6.931294518e-02 2.170387973e-03 -7.798834587e-03 -1.463907961e-01 -3.980954077e-02 -1.402008633e-01 1.805492009e-01 7.309147779e-02 1.243379960e-01 -7.957728975e-01 7.878594584e-02 1.092917580e-01 -4.333230654e-01 -8.424996744e-02 -4.929235791e-02 
1.051311111e+00 3.304358849e-02 -1.427087034e-01 -1.408795352e-01 -1.108208370e-01 -1.094987596e-01 5.486370783e-02 3.551807136e-03 -7.274412068e-03 -1.335696477e-01 -7.193200923e-02 -1.838484646e-01 1.358456405e-01 3.028659928e-02 1.410142662e-01 -7.713534773e-01 -2.108922535e-01 2.734070647e-01 -3.534998506e-01 -5.385695995e-02 -8.140774795e-02 
1.071311111e+00 3.952802749e-02 -1.410503024e-01 -1.301775783e-01 -1.232156623e-01 -1.159690661e-01 3.938502878e-02 4.814891024e-03 -6.507628545e-03 -1.138060610e-01 -1.003157276e-01 -2.137621441e-01 8.099408457e-02 -1.559079961e-02 1.433848958e-01 -6.449937849e-01 -4.726994257e-01 3.919271680e-01 -2.147246198e-01 -1.241233504e-02 -9.681801227e-02 
