# nmin = 1 nmax = 11 
#   t        realpha           imalpha
#
#
-4.886888889e-01 0.000000000e+00 0.000000000e+00 9.999992104e-01 1.256636731e-03 0.000000000e+00 0.000000000e+00 0.000000000e+00 0.000000000e+00 0.000000000e+00 0.000000000e+00 0.000000000e+00 0.000000000e+00 0.000000000e+00 0.000000000e+00 0.000000000e+00 0.000000000e+00 0.000000000e+00 0.000000000e+00 0.000000000e+00 0.000000000e+00 
-4.686888889e-01 0.000000000e+00 0.000000000e+00 9.919564196e-01 1.265798624e-01 0.000000000e+00 0.000000000e+00 0.000000000e+00 0.000000000e+00 0.000000000e+00 0.000000000e+00 0.000000000e+00 0.000000000e+00 0.000000000e+00 0.000000000e+00 0.000000000e+00 0.000000000e+00 0.000000000e+00 0.000000000e+00 0.000000000e+00 0.000000000e+00 
-4.486888889e-01 0.000000000e+00 0.000000000e+00 9.682698835e-01 2.499068480e-01 0.000000000e+00 0.000000000e+00 0.000000000e+00 0.000000000e+00 0.000000000e+00 0.000000000e+00 0.000000000e+00 0.000000000e+00 0.000000000e+00 0.000000000e+00 0.000000000e+00 0.000000000e+00 0.000000000e+00 0.000000000e+00 0.000000000e+00 0.000000000e+00 
-4.286888889e-01 -2.568878517e-18 -9.369791150e-19 9.293131529e-01 3.692926533e-01 4.349746392e-18 1.873741291e-18 -2.478473027e-18 -1.152461066e-18 1.820882990e-18 9.106705868e-19 -1.472682614e-18 -7.897698248e-19 1.251052553e-18 7.175490143e-19 -1.094224142e-18 -6.697440171e-19 9.753229427e-19 6.358674878e-19 -8.806970255e-19 -6.106315055e-19 
-4.086888889e-01 -7.751444631e-18 -3.820651264e-18 8.757005988e-01 4.828544929e-01 1.276172854e-17 7.822090160e-18 -7.139562689e-18 -4.840698860e-18 5.134479770e-18 3.836485976e-18 -4.051993540e-18 -3.327443817e-18 3.347497094e-18 3.015381968e-18 -2.837161178e-18 -2.800246086e-18 2.441174214e-18 2.638904616e-18 -2.119143222e-18 -2.509712370e-18 
-3.886888889e-01 -2.473374042e-17 -1.621158420e-17 8.082777231e-01 5.888014287e-01 3.986258912e-17 3.216666164e-17 -2.200480046e-17 -1.962252463e-17 1.558509754e-17 1.533437943e-17 -1.208940732e-17 -1.311378632e-17 9.797536504e-18 1.171540704e-17 -8.129483602e-18 -1.072170699e-17 6.833932826e-18 9.953221684e-18 -5.784028313e-18 -9.320494155e-18 
-3.686888889e-01 -8.286852412e-17 -7.077385992e-17 7.281078248e-01 6.854626142e-01 1.310134155e-16 1.358818589e-16 -7.152622806e-17 -8.172572128e-17 5.005240486e-17 6.303614157e-17 -3.832292777e-17 -5.325391545e-17 3.062583309e-17 4.703305889e-17 -2.503491636e-17 -4.258173161e-17 2.071491605e-17 3.913083312e-17 -1.724315343e-17 -3.629806018e-17 
-3.486888889e-01 -2.757331953e-16 -3.034903370e-16 6.364552312e-01 7.713136448e-01 4.254315475e-16 5.686945906e-16 -2.290005002e-16 -3.384462500e-16 1.577511836e-16 2.585329603e-16 -1.186839292e-16 -2.164803647e-16 9.299778342e-17 1.896417285e-16 -7.434569637e-17 -1.704238071e-16 5.996875468e-17 1.555655294e-16 -4.846402087e-17 -1.434434342e-16 
-3.286888889e-01 -8.909082732e-16 -1.270591598e-15 5.347653584e-01 8.450005985e-01 1.328391642e-15 2.336608081e-15 -7.002544463e-16 -1.378974489e-15 4.708110575e-16 1.045203736e-15 -3.442311494e-16 -8.688877575e-16 2.606608685e-16 7.560806755e-16 -1.998627241e-16 -6.752626512e-16 1.530143426e-16 6.128788535e-16 -1.156069072e-16 -5.621626423e-16 
-3.086888889e-01 -2.746685914e-15 -5.203007136e-15 4.246419165e-01 9.053613879e-01 3.887624366e-15 9.419823623e-15 -1.980222994e-15 -5.519408197e-15 1.275993592e-15 4.155130505e-15 -8.838079059e-16 -3.432046094e-15 6.231579069e-16 2.968332785e-15 -4.328851956e-16 -2.635800522e-15 2.862336001e-16 2.379252017e-15 -1.694511724e-16 -2.171067403e-15 
-2.886888889e-01 -7.861862224e-15 -2.088604665e-14 3.078216178e-01 9.514440875e-01 1.015333407e-14 3.729634398e-14 -4.829986053e-15 -2.171193435e-14 2.828601711e-15 1.624352050e-14 -1.696550693e-15 -1.333643080e-14 9.360533259e-16 1.146795648e-14 -3.778931657e-16 -1.012658208e-14 -5.237397148e-17 9.091825981e-15 3.933500730e-16 -8.253166250e-15 
-2.686888889e-01 -1.965733270e-14 -8.234468757e-14 1.861467884e-01 9.825219454e-01 2.048241734e-14 1.451951979e-13 -7.857436965e-15 -8.401154133e-14 2.925086900e-15 6.247974908e-14 -4.655684889e-17 -5.100104721e-14 -1.927613809e-15 4.360786249e-14 3.391062930e-15 -3.829454157e-14 -4.519092029e-15 3.419582589e-14 5.404363027e-15 -3.087735776e-14 
-2.486888889e-01 -3.483087807e-14 -3.192682149e-13 6.153631291e-02 9.981048453e-01 8.056846058e-15 5.562115035e-13 1.036894276e-14 -3.199320246e-13 -1.869535885e-14 2.365482204e-13 2.407199326e-14 -1.919777640e-13 -2.798765281e-14 1.632138140e-13 3.097016978e-14 -1.425204256e-13 -3.326780726e-14 1.265576161e-13 3.502265722e-14 -1.136465331e-13 
-2.286888889e-01 2.071007610e-14 -1.218204364e-12 -6.404462700e-02 9.979470355e-01 -2.341357936e-13 2.097267930e-12 1.911416705e-13 -1.199213102e-12 -1.828339996e-13 8.814199287e-13 1.818790804e-13 -7.111124629e-13 -1.829411823e-13 6.009908893e-13 1.843285345e-13 -5.216880761e-13 -1.853872710e-13 4.605151666e-13 1.858537669e-13 -4.110859471e-13 
-2.086888889e-01 6.571718229e-13 -4.575170021e-12 -1.886155449e-01 9.820510049e-01 -1.878418285e-12 7.782269035e-12 1.289599339e-12 -4.422658633e-12 -1.107230330e-12 3.230515463e-12 1.022660936e-12 -2.589975188e-12 -9.742999185e-13 2.174999985e-12 9.418163375e-13 -1.875863713e-12 -9.167157608e-13 1.645119738e-12 8.949693673e-13 -1.458857562e-12 
-1.886888889e-01 4.648802079e-12 -1.690734121e-11 -3.102118829e-01 9.506674433e-01 -1.077015395e-11 2.839740176e-11 6.956583271e-12 -1.603262762e-11 -5.703361319e-12 1.163240780e-11 5.080505198e-12 -9.261783146e-12 -4.701178301e-12 7.722912834e-12 4.436687879e-12 -6.612481790e-12 -4.232503210e-12 5.755951841e-12 4.062092052e-12 -5.065245805e-12 
-1.686888889e-01 2.553592500e-11 -6.142468449e-11 -4.269159943e-01 9.042912881e-01 -5.403838766e-11 1.017599069e-10 3.380593753e-11 -5.703519596e-11 -2.699693671e-11 4.106972694e-11 2.352549440e-11 -3.244343097e-11 -2.136611197e-11 2.683186099e-11 1.984265602e-11 -2.277822880e-11 -1.866689821e-11 1.965154418e-11 1.769709973e-11 -1.713292216e-11 
-1.486888889e-01 1.253166899e-10 -2.190457426e-10 -5.368873854e-01 8.436539192e-01 -2.517712260e-10 3.573054440e-10 1.543558936e-10 -1.985926302e-10 -1.211373504e-10 1.417400325e-10 1.039701307e-10 -1.109233549e-10 -9.317460007e-11 9.082951378e-11 8.551329569e-11 -7.629700098e-11 -7.960137880e-11 6.508797019e-11 7.475375903e-11 -5.606961016e-11 
-1.286888889e-01 5.758114063e-10 -7.648495437e-10 -6.383917417e-01 7.697116240e-01 -1.117493827e-09 1.225099326e-09 6.753829167e-10 -6.740617268e-10 -5.233246510e-10 4.758770652e-10 4.440589799e-10 -3.680532252e-10 -3.938731904e-10 2.975579356e-10 3.581281146e-10 -2.465038772e-10 -3.305475263e-10 2.071268013e-10 3.080142943e-10 -1.754888273e-10 
-1.086888889e-01 2.530877180e-09 -2.604922537e-09 -7.298282787e-01 6.836305169e-01 -4.788472466e-09 4.079634086e-09 2.862472693e-09 -2.215876046e-09 -2.195931486e-09 1.542257381e-09 1.846327754e-09 -1.174123683e-09 -1.623922229e-09 9.326587581e-10 1.465111761e-09 -7.574996716e-10 -1.342582495e-09 6.224078800e-10 1.242729959e-09 -5.140442807e-10 
-8.868888889e-02 1.076416500e-08 -8.600921823e-09 -8.097549876e-01 5.867681485e-01 -1.996238093e-08 1.307794694e-08 1.182722790e-08 -6.978982258e-09 -8.998244303e-09 4.760570105e-09 7.507384743e-09 -3.541232804e-09 -6.555495304e-09 2.738166209e-09 5.874488528e-09 -2.154420705e-09 -5.349086095e-09 1.704227889e-09 4.921741700e-09 -1.343851228e-09 
-6.868888889e-02 4.460312536e-08 -2.725366055e-08 -8.769113758e-01 4.806520976e-01 -8.135162170e-08 3.973056774e-08 4.783304531e-08 -2.064362487e-08 -3.613066282e-08 1.363917784e-08 2.993967759e-08 -9.758758560e-09 -2.597516639e-08 7.188813129e-09 2.313447077e-08 -5.315540503e-09 -2.094293120e-08 3.870941493e-09 1.916316142e-08 -2.717764491e-09 
-4.868888889e-02 1.808328820e-07 -8.136822758e-08 -9.302383457e-01 3.669558830e-01 -3.250772071e-07 1.108551975e-07 1.898466321e-07 -5.495397931e-08 -1.424714663e-07 3.415519121e-08 1.173251593e-07 -2.249392813e-08 -1.011818148e-07 1.470632779e-08 8.959946588e-08 -9.006484337e-09 -8.066418814e-08 4.611405851e-09 7.341725010e-08 -1.117386284e-09 
-2.868888889e-02 7.192887923e-07 -2.202662067e-07 -9.688948968e-01 2.474725823e-01 -1.276203321e-06 2.626625141e-07 7.406554021e-07 -1.165641795e-07 -5.524598406e-07 6.080889229e-08 4.522717814e-07 -2.887552667e-08 -3.878100048e-07 7.240918324e-09 3.415070929e-07 8.704545394e-09 -3.057872709e-07 -2.099779216e-08 2.768500427e-07 3.070234152e-08 
-8.688888889e-03 2.811808787e-06 -4.870055406e-07 -9.922713927e-01 1.240865958e-01 -4.927970873e-06 3.817712477e-07 2.842925521e-06 -8.654380505e-08 -2.108125483e-06 -3.381837107e-08 1.715874654e-06 1.063675696e-07 -1.462978626e-06 -1.571421238e-07 1.281129213e-06 1.951381142e-07 -1.140845436e-06 -2.244194577e-07 1.027315989e-06 2.471805981e-07 
1.131111111e-02 1.081237027e-05 -4.960106837e-07 -9.999992110e-01 -1.255914453e-03 -1.872581865e-05 -9.061730915e-07 1.073916821e-05 1.025942581e-06 -7.916796362e-06 -1.129562736e-06 6.406197307e-06 1.216094863e-06 -5.430349251e-06 -1.286926260e-06 4.727923283e-06 1.343434980e-06 -4.186041420e-06 -1.386893607e-06 3.747895131e-06 1.418497141e-06 
3.131111111e-02 4.090033738e-05 3.270548897e-06 -9.919567616e-01 -1.265771442e-01 -7.000051120e-05 -1.230744717e-05 3.990261636e-05 8.963004428e-06 -2.923727403e-05 -8.011649840e-06 2.351394826e-05 7.619209785e-06 -1.980935165e-05 -7.421674785e-06 1.713987837e-05 7.300022592e-06 -1.508028021e-05 -7.205316956e-06 1.341594468e-05 7.114697429e-06 
5.131111111e-02 1.519552540e-04 3.165079745e-05 -9.682724113e-01 -2.498967739e-01 -2.569427096e-04 -7.942291780e-05 1.455156981e-04 5.258975990e-05 -1.059196210e-04 -4.395854315e-05 8.461231230e-05 3.976795738e-05 -7.079080000e-05 -3.726456616e-05 6.081846072e-05 3.553450191e-05 -5.312100822e-05 -3.419096536e-05 4.689893380e-05 3.304054907e-05 
7.131111111e-02 5.510480812e-04 1.891344335e-04 -9.293267493e-01 -3.692557660e-01 -9.202197689e-04 -4.173424556e-04 5.171864070e-04 2.647532498e-04 -3.735351565e-04 -2.138944801e-04 2.959833801e-04 1.881839308e-04 -2.455410647e-04 -1.722609051e-04 2.090764394e-04 1.609975437e-04 -1.808910540e-04 -1.521892238e-04 1.580416388e-04 1.446500347e-04 
9.131111111e-02 1.909838950e-03 9.340367924e-04 -8.757603533e-01 -4.827188291e-01 -3.149399529e-03 -1.942359851e-03 1.751051063e-03 1.201162978e-03 -1.250963607e-03 -9.497113129e-04 9.797660144e-04 8.197781001e-04 -8.026299985e-04 -7.374984812e-04 6.741326121e-04 6.780909180e-04 -5.744643576e-04 -6.306368543e-04 4.929499229e-04 5.882687514e-04 
1.113111111e-01 5.946591224e-03 3.859462390e-03 -8.084762576e-01 -5.882778131e-01 -9.685007996e-03 -7.868532957e-03 5.276947814e-03 4.771332389e-03 -3.694378081e-03 -3.707955223e-03 2.829921753e-03 3.146237163e-03 -2.261560684e-03 -2.780077953e-03 1.847359326e-03 2.506101038e-03 -1.525048980e-03 -2.276461975e-03 1.258855363e-03 2.051614551e-03 
1.313111111e-01 1.478410051e-02 1.215164598e-02 -7.285488464e-01 -6.833877505e-01 -2.365561465e-02 -2.527912327e-02 1.232022271e-02 1.499103057e-02 -8.236580410e-03 -1.141663477e-02 5.987712846e-03 9.464921185e-03 -4.506416919e-03 -8.133402722e-03 3.437480324e-03 7.082933478e-03 -2.627483326e-03 -6.147479330e-03 1.993206372e-03 5.151907130e-03 
1.513111111e-01 2.720538443e-02 2.727971218e-02 -6.374225287e-01 -7.645131747e-01 -4.152801554e-02 -5.983759031e-02 1.966184002e-02 3.433351925e-02 -1.181123473e-02 -2.533664008e-02 7.525417942e-03 2.021190641e-02 -4.804341242e-03 -1.655259138e-02 2.994565614e-03 1.356625268e-02 -1.826819059e-03 -1.087154939e-02 1.204770296e-03 8.055288938e-03 
1.713111111e-01 3.921642793e-02 4.668394511e-02 -5.378839849e-01 -8.286777244e-01 -5.319419984e-02 -1.089534073e-01 2.076943382e-02 5.954336417e-02 -9.440126439e-03 -4.183642179e-02 3.649591213e-03 3.141551683e-02 -4.910862905e-04 -2.387108495e-02 -1.014108443e-03 1.784031776e-02 1.305646283e-03 -1.273215062e-02 -5.481786045e-04 8.009137619e-03 
1.913111111e-01 4.859177810e-02 6.755929879e-02 -4.336939969e-01 -8.749750589e-01 -5.120129642e-02 -1.661181453e-01 1.216306781e-02 8.488155699e-02 3.726028632e-04 -5.555047582e-02 -5.522957263e-03 3.820117955e-02 6.950603578e-03 -2.605614051e-02 -6.111328586e-03 1.711718602e-02 3.868163905e-03 -1.052538493e-02 -8.000633616e-04 5.579988850e-03 
2.113111111e-01 5.493401291e-02 8.851747795e-02 -3.283840116e-01 -9.039853278e-01 -3.273110084e-02 -2.251772305e-01 -5.649076204e-03 1.053533145e-01 1.534140912e-02 -6.252525062e-02 -1.646574354e-02 3.799482759e-02 1.342672407e-02 -2.225281577e-02 -8.485088090e-03 1.231908920e-02 3.207461336e-03 -6.560856475e-03 1.266612484e-03 3.474229040e-03 
2.313111111e-01 5.843047218e-02 1.089732905e-01 -2.248360641e-01 -9.170101979e-01 2.186103619e-03 -2.808861056e-01 -2.978161408e-02 1.175214808e-01 3.135760339e-02 -6.113969489e-02 -2.479189322e-02 3.121320681e-02 1.533126536e-02 -1.475986747e-02 -6.202279906e-03 6.885976235e-03 -6.041416288e-04 -4.195354794e-03 4.169027332e-03 3.577714465e-03 
2.513111111e-01 5.936982976e-02 1.286395980e-01 -1.252997418e-01 -9.156870497e-01 5.186214143e-02 -3.289201721e-01 -5.627503829e-02 1.197510594e-01 4.418529448e-02 -5.216542779e-02 -2.727542781e-02 2.071315909e-02 1.145788522e-02 -7.540148227e-03 -2.975594689e-04 4.416176404e-03 -5.130871656e-03 -5.325460691e-03 5.787972865e-03 5.672272083e-03 
2.713111111e-01 5.804578935e-02 1.473286345e-01 -3.149283160e-02 -9.017878288e-01 1.136152581e-01 -3.659660935e-01 -8.106869709e-02 1.122009506e-01 5.069001163e-02 -3.826794554e-02 -2.296584184e-02 1.052125727e-02 3.381845249e-03 -4.253380263e-03 6.077311689e-03 6.641765907e-03 -7.485666593e-03 -9.334134615e-03 5.107842539e-03 8.005993161e-03 
2.913111111e-01 5.475158126e-02 1.648948776e-01 5.530536840e-02 -8.771145602e-01 1.842321203e-01 -3.897583240e-01 -1.007166905e-01 9.652645793e-02 4.951389761e-02 -2.310352425e-02 -1.329998270e-02 4.332482580e-03 -5.471037066e-03 -6.669033238e-03 9.541682827e-03 1.265215281e-02 -6.230677687e-03 -1.373680677e-02 2.820650264e-03 8.771238164e-03 
3.113111111e-01 4.977718119e-02 1.812315526e-01 1.341903251e-01 -8.434509627e-01 2.603059260e-01 -3.990176140e-01 -1.128140772e-01 7.538619628e-02 4.115763487e-02 -1.031349348e-02 -1.368466601e-03 4.325541936e-03 -1.144468292e-02 -1.407061662e-02 8.275831426e-03 1.955645150e-02 -2.161880151e-03 -1.584198690e-02 6.868371846e-04 7.348124614e-03 
3.313111111e-01 4.339617659e-02 1.962785592e-01 2.045941991e-01 -8.025344772e-01 3.384718063e-01 -3.933304317e-01 -1.161441480e-01 5.190545397e-02 2.758693098e-02 -2.712964165e-03 9.253657852e-03 1.065254371e-02 -1.217156929e-02 -2.375782969e-02 2.840063207e-03 2.405509227e-02 2.281832825e-03 -1.433802287e-02 3.046865423e-04 4.607909343e-03 
3.513111111e-01 3.585072645e-02 2.100222245e-01 2.662563032e-01 -7.560250663e-01 4.155675897e-01 -3.730155187e-01 -1.106178896e-01 2.921541199e-02 1.158857867e-02 -1.842525648e-03 1.563409843e-02 2.165001742e-02 -7.384185840e-03 -3.227569587e-02 -4.233640648e-03 2.404474937e-02 4.460874700e-03 -9.957961169e-03 2.128017648e-03 2.268379483e-03 
3.713111111e-01 2.734430203e-02 2.224829096e-01 3.191861114e-01 -7.054659325e-01 4.887501829e-01 -3.389988872e-01 -9.709712995e-02 1.012057197e-02 -3.893809395e-03 -7.896097465e-03 1.621373744e-02 3.455589745e-02 1.185932594e-03 -3.677047430e-02 -9.718663192e-03 1.951059897e-02 2.954516592e-03 -4.999569275e-03 5.257518767e-03 1.822591795e-03 
3.913111111e-01 1.804542233e-02 2.336959664e-01 3.636145290e-01 -6.522460728e-01 5.555849815e-01 -2.926936384e-01 -7.717603141e-02 -3.110587551e-03 -1.628498714e-02 -1.992692593e-02 1.100566151e-02 4.639839182e-02 1.062773594e-02 -3.593694032e-02 -1.114998478e-02 1.240561950e-02 -1.758290921e-03 -2.089074903e-03 8.011243561e-03 3.693793163e-03 
4.113111111e-01 8.098509079e-03 2.436931196e-01 3.999457633e-01 -5.975801283e-01 6.141061217e-01 -2.358677980e-01 -5.296689497e-02 -8.866942307e-03 -2.369895147e-02 -3.619150966e-02 1.334277380e-03 5.475381366e-02 1.796308518e-02 -3.028488248e-02 -7.811095132e-03 5.707675527e-03 -7.598288368e-03 -2.881344665e-03 8.869973819e-03 7.036697100e-03 
4.313111111e-01 -2.366214277e-03 2.524842358e-01 4.287474680e-01 -5.425204241e-01 6.628234738e-01 -1.704732830e-01 -2.692514230e-02 -6.277491743e-03 -2.506337563e-02 -5.450242288e-02 -1.069632145e-02 5.819657849e-02 2.111823187e-02 -2.175997769e-02 -9.177820247e-04 2.154850942e-03 -1.190895610e-02 -7.310524910e-03 7.268937701e-03 1.021265135e-02 
4.513111111e-01 -1.323392628e-02 2.600208946e-01 4.508821599e-01 -4.880174068e-01 7.006119795e-01 -9.836853691e-02 -1.787967148e-03 4.649269931e-03 -2.008542782e-02 -7.248540742e-02 -2.281386644e-02 5.641273425e-02 1.949906085e-02 -1.296888840e-02 6.937017737e-03 3.189402170e-03 -1.265865289e-02 -1.366609076e-02 3.858274707e-03 1.164646430e-02 
4.713111111e-01 -2.443185196e-02 2.660899723e-01 4.680460147e-01 -4.350348023e-01 7.263172933e-01 -2.074910018e-02 1.919539538e-02 2.255810193e-02 -9.091418299e-03 -8.763975374e-02 -3.319688085e-02 5.005793960e-02 1.419147800e-02 -6.289629898e-03 1.272577621e-02 8.429744307e-03 -9.278245858e-03 -1.940117330e-02 1.236710505e-04 1.067282628e-02 
4.913111111e-01 -3.598472956e-02 2.701272100e-01 4.838650101e-01 -3.845204005e-01 7.379140186e-01 6.276583617e-02 3.184432729e-02 4.357221179e-02 7.159291673e-03 -9.723444153e-02 -4.116772709e-02 4.042690932e-02 7.899280927e-03 -2.953620191e-03 1.399283578e-02 1.574157890e-02 -2.764760960e-03 -2.238189523e-02 -2.558069456e-03 8.016070758e-03 
5.113111111e-01 -4.796511501e-02 2.714603273e-01 5.030280005e-01 -3.364314601e-01 7.324910593e-01 1.532527650e-01 3.286418913e-02 6.130928448e-02 2.721049545e-02 -9.893648522e-02 -4.734644448e-02 2.875333738e-02 3.742333722e-03 -2.233061289e-03 9.994322231e-03 2.211989967e-02 5.113888520e-03 -2.190488603e-02 -3.998240951e-03 5.202858301e-03 
5.313111111e-01 -6.023472521e-02 2.703508957e-01 5.257447036e-01 -2.887801497e-01 7.092496568e-01 2.480204613e-01 2.446321919e-02 7.217064574e-02 4.841295402e-02 -9.264165495e-02 -5.187315121e-02 1.554202105e-02 2.414169142e-03 -2.221223353e-03 2.287344369e-03 2.540212303e-02 1.275104529e-02 -1.821105006e-02 -4.842531294e-03 2.807554470e-03 
5.513111111e-01 -7.252751288e-02 2.677554447e-01 5.480676460e-01 -2.397035531e-01 6.702729923e-01 3.415044070e-01 1.171128472e-02 7.742461582e-02 6.806069468e-02 -8.004593874e-02 -5.366251864e-02 1.248947548e-03 2.481850984e-03 -1.901976788e-03 -6.728122244e-03 2.496803127e-02 1.869292996e-02 -1.172667637e-02 -5.187241902e-03 4.947603229e-04 
5.713111111e-01 -8.469708234e-02 2.642880056e-01 5.671606675e-01 -1.887768948e-01 6.177859353e-01 4.296308744e-01 -2.419821991e-03 7.885078476e-02 8.442070277e-02 -6.276831425e-02 -5.186545130e-02 -1.319897835e-02 2.838713602e-03 -1.215973160e-03 -1.516221818e-02 2.104795146e-02 2.173353940e-02 -3.345225925e-03 -4.754710195e-03 -1.763098380e-03 
5.913111111e-01 -9.668942984e-02 2.601774104e-01 5.818967193e-01 -1.362685671e-01 5.534101885e-01 5.099673196e-01 -1.669601117e-02 7.725850653e-02 9.644745436e-02 -4.207450996e-02 -4.632154428e-02 -2.670493414e-02 3.054145055e-03 -3.208597687e-04 -2.167506592e-02 1.427715685e-02 2.123366321e-02 5.592949303e-03 -3.459070516e-03 -3.643687265e-03 
6.113111111e-01 -1.084768986e-01 2.554982390e-01 5.918741665e-01 -8.260829530e-02 4.785631373e-01 5.807995001e-01 -3.046195681e-02 7.297955867e-02 1.034725133e-01 -1.915148555e-02 -3.735300693e-02 -3.823512875e-02 2.996242845e-03 6.384610129e-04 -2.534480064e-02 5.597068360e-03 1.722101399e-02 1.360436211e-02 -1.490207578e-03 -4.782775677e-03 
6.313111111e-01 -1.200361522e-01 2.502787342e-01 5.969361067e-01 -2.825132026e-02 3.947117917e-01 6.407483278e-01 -4.322136480e-02 6.623801473e-02 1.051218171e-01 4.778323368e-03 -2.560374469e-02 -4.691611121e-02 2.643060366e-03 1.543340214e-03 -2.567059544e-02 -3.829626904e-03 1.034515682e-02 1.935075066e-02 7.739094925e-04 -4.945268772e-03 
6.513111111e-01 -1.313440495e-01 2.445348526e-01 5.970216249e-01 2.634419575e-02 3.034474082e-01 6.886774938e-01 -5.454199974e-02 5.728122463e-02 1.013078106e-01 2.846280097e-02 -1.194435449e-02 -5.209473271e-02 2.023736038e-03 2.294804255e-03 -2.260528502e-02 -1.275229184e-02 1.746535813e-03 2.187173057e-02 2.876474871e-03 -4.095137397e-03 
6.713111111e-01 -1.423774493e-01 2.382799524e-01 5.921254225e-01 8.072074951e-02 2.064874128e-01 7.236851868e-01 -6.404554255e-02 4.641377476e-02 9.222833644e-02 5.066870190e-02 2.606660163e-03 -5.338252235e-02 1.199546307e-03 2.814390018e-03 -1.655289438e-02 -1.999026990e-02 -7.142702995e-03 2.074585986e-02 4.388136934e-03 -2.405457725e-03 
6.913111111e-01 -1.531135013e-01 2.315274560e-01 5.822872758e-01 1.344238457e-01 1.056524784e-01 7.451140317e-01 -7.141524520e-02 3.399937905e-02 7.835521820e-02 7.024125783e-02 1.696279170e-02 -5.068274987e-02 2.537559433e-04 3.048725852e-03 -8.313008670e-03 -2.458656903e-02 -1.484062191e-02 1.616048506e-02 4.999208788e-03 -2.224251689e-04 
7.113111111e-01 -1.635298575e-01 2.242915558e-01 5.675890508e-01 1.870050400e-01 2.834993924e-03 7.525618540e-01 -7.640558620e-02 2.045207831e-02 6.040950387e-02 8.616300314e-02 3.005172488e-02 -4.419692752e-02 -7.177605783e-04 2.973848526e-03 1.025481828e-03 -2.593362129e-02 -2.006358619e-02 8.880147617e-03 4.584406368e-03 2.006174071e-03 
7.313111111e-01 -1.736047937e-01 2.165873828e-01 5.481533738e-01 2.380253942e-01 -1.000357180e-01 7.458888923e-01 -7.885031787e-02 6.223338762e-03 3.932393685e-02 9.760634290e-02 4.089571416e-02 -3.440951038e-02 -1.616459247e-03 2.597300393e-03 1.022844222e-02 -2.385336366e-02 -2.194060626e-02 1.189175820e-04 3.228867931e-03 3.823079109e-03 
7.513111111e-01 -1.833172831e-01 2.084310274e-01 5.241424567e-01 2.870590414e-01 -2.010294062e-01 7.252203549e-01 -7.866799609e-02 -8.212753073e-03 1.619446263e-02 1.039764840e-01 4.868469398e-02 -2.205162654e-02 -2.351171087e-03 1.957266552e-03 1.807963486e-02 -1.862070619e-02 -2.015866266e-02 -8.662138087e-03 1.210756377e-03 4.855470829e-03 
7.713111111e-01 -1.926470507e-01 1.998395194e-01 4.957567080e-01 3.336967102e-01 -2.982510573e-01 6.909440587e-01 -7.586469775e-02 -2.237522375e-02 -7.776737690e-03 1.049423274e-01 5.283681010e-02 -8.046435053e-03 -2.847361098e-03 1.118673124e-03 2.354146520e-02 -1.092718114e-02 -1.501492491e-02 -1.599863569e-02 -1.055805726e-03 4.891503330e-03 
7.913111111e-01 -2.015746188e-01 1.908307961e-01 4.632330533e-01 3.775491309e-01 -3.898764398e-01 6.437031515e-01 -7.053382098e-02 -3.579222150e-02 -3.134373304e-02 1.004536714e-01 5.304188963e-02 6.559843952e-03 -3.054691619e-03 1.665927545e-04 2.589211060e-02 -1.789545759e-03 -7.367197295e-03 -2.066709265e-02 -3.105712995e-03 3.923783661e-03 
8.113111111e-01 -2.100813492e-01 1.814236655e-01 4.268429559e-01 4.182502825e-01 -4.741863295e-01 5.843840436e-01 -6.285297442e-02 -4.801673283e-02 -5.328160133e-02 9.074381884e-02 4.928461265e-02 2.067608672e-02 -2.952129281e-03 -8.023880403e-04 2.482091523e-02 7.584591696e-03 1.509133703e-03 -2.188896596e-02 -4.518318138e-03 2.150891186e-03 
8.313111111e-01 -2.181494820e-01 1.716377675e-01 3.868901512e-01 4.554604470e-01 -5.495987678e-01 5.140997763e-01 -5.307806032e-02 -5.864147457e-02 -7.245009627e-02 7.631745047e-02 4.184565675e-02 3.324777612e-02 -2.550078817e-03 -1.689968002e-03 2.046944574e-02 1.595636722e-02 1.013379138e-02 -1.946048786e-02 -5.003750182e-03 -6.337093492e-05 
8.513111111e-01 -2.257621728e-01 1.614935325e-01 3.437081112e-01 4.888690440e-01 -6.146987443e-01 4.341691368e-01 -4.153474873e-02 -6.731246300e-02 -8.785291298e-02 5.792439362e-02 3.128072979e-02 4.333577678e-02 -1.889327503e-03 -2.406103779e-03 1.341278216e-02 2.221938654e-02 1.706846975e-02 -1.378664774e-02 -4.462396959e-03 -2.264629143e-03 
8.713111111e-01 -2.329035284e-01 1.510121391e-01 2.976572610e-01 5.181972239e-01 -6.682647478e-01 3.460919131e-01 -2.860762724e-02 -7.374080750e-02 -9.868947209e-02 3.652064887e-02 1.837905720e-02 5.018649083e-02 -1.036907356e-03 -2.878144705e-03 4.583516650e-03 2.554594369e-02 2.115669515e-02 -5.813653385e-03 -3.005345855e-03 -4.001178335e-03 
8.913111111e-01 -2.395586394e-01 1.402154699e-01 2.491219709e-01 5.432001947e-01 -7.092916865e-01 2.515207527e-01 -1.472738772e-02 -7.771233543e-02 -1.043965308e-01 1.321870080e-02 4.104424886e-03 5.328815349e-02 -7.929484430e-05 -3.058203089e-03 -4.851495707e-03 2.549640863e-02 2.171668758e-02 3.128864958e-03 -9.315883364e-04 -4.916673159e-03 
9.113111111e-01 -2.457136115e-01 1.291260657e-01 1.985073477e-01 5.636692654e-01 -7.370097463e-01 1.522301528e-01 -3.564770110e-04 -7.909472771e-02 -1.046774581e-01 -1.077030465e-02 -1.047681782e-02 5.240906309e-02 8.863619845e-04 -2.928012336e-03 -1.364534573e-02 2.207732782e-02 1.865505893e-02 1.154959271e-02 1.333334036e-03 -4.823251199e-03 
9.313111111e-01 -2.513555946e-01 1.177670784e-01 1.462358538e-01 5.794335880e-01 -7.508988362e-01 5.008316427e-02 1.402631042e-02 -7.784192728e-02 -9.951765243e-02 -3.419951096e-02 -2.427541707e-02 4.761488981e-02 1.762099003e-03 -2.500780061e-03 -2.063585877e-02 1.574055897e-02 1.248238702e-02 1.804423259e-02 3.324652074e-03 -3.740082935e-03 
9.513111111e-01 -2.564728098e-01 1.061622228e-01 9.274378096e-02 5.903615832e-01 -7.506983466e-01 -5.300356561e-02 2.794178438e-02 -7.399567361e-02 -8.918530073e-02 -5.585115780e-02 -3.626058437e-02 3.926376990e-02 2.459074285e-03 -1.819848199e-03 -2.489918495e-02 7.323554647e-03 4.228068174e-03 2.152969473e-02 4.633741059e-03 -1.889437900e-03 
9.713111111e-01 -2.610545735e-01 9.433572677e-02 3.847760855e-02 5.963620389e-01 -7.364120394e-01 -1.550957568e-01 4.092632416e-02 -6.768411200e-02 -7.421743903e-02 -7.459987559e-02 -4.553699892e-02 2.797955208e-02 2.906580956e-03 -9.542960507e-04 -2.587189306e-02 -2.061313538e-03 -4.731351793e-03 2.142471997e-02 4.991971816e-03 3.489257306e-04 
9.913111111e-01 -2.650913202e-01 8.231228123e-02 -1.610972287e-02 5.973848715e-01 -7.083079774e-01 -2.542777903e-01 5.254732488e-02 -5.911752427e-02 -5.539203939e-02 -8.947117786e-02 -5.141169029e-02 1.460519452e-02 3.059220280e-03 8.067695537e-06 -2.342543226e-02 -1.117376334e-02 -1.290173967e-02 1.774681462e-02 4.325834269e-03 2.515688704e-03 
1.011311111e+00 -2.685746222e-01 7.011698812e-02 -7.056259213e-02 5.934215436e-01 -6.669134946e-01 -3.486886523e-01 6.241761058e-02 -4.858132271e-02 -3.368757391e-02 -9.969211132e-02 -5.344580492e-02 1.397938536e-04 2.901507274e-03 9.696129887e-04 -1.788312110e-02 -1.880951471e-02 -1.892054655e-02 1.110933094e-02 2.772021935e-03 4.166224450e-03 
1.031311111e+00 -2.714972071e-01 5.777530818e-02 -1.244265004e-01 5.845051359e-01 -6.130053012e-01 -4.365568534e-01 7.020833376e-02 -3.642654112e-02 -1.023215749e-02 -1.047314310e-01 -5.148738955e-02 -1.433604975e-02 2.449441636e-03 1.832792809e-03 -9.977418459e-03 -2.395944458e-02 -2.178403566e-02 2.619180410e-03 6.493819887e-04 4.961837846e-03 
1.051311111e+00 -2.738529734e-01 4.531300775e-02 -1.772518646e-01 5.707100703e-01 -5.475949100e-01 -5.162336681e-01 7.565993151e-02 -2.305813938e-02 1.375508725e-02 -1.043272125e-01 -4.568274253e-02 -2.774095601e-02 1.748884602e-03 2.510039134e-03 -7.531235215e-04 -2.594295027e-02 -2.101467227e-02 -6.307762281e-03 -1.606513182e-03 4.739266523e-03 
1.071311111e+00 -2.756370028e-01 3.275610504e-02 -2.285977701e-01 5.521514895e-01 -4.719096567e-01 -5.862240710e-01 7.859077338e-02 -8.921511459e-03 3.702739529e-02 -9.850046544e-02 -3.646548493e-02 -3.907354622e-02 8.709064085e-04 2.932646558e-03 8.570702460e-03 -2.449789630e-02 -1.674076060e-02 -1.418278005e-02 -3.532746800e-03 3.544182815e-03 
