# nmin = 1 nmax = 11 
#   t        realpha           imalpha
#
#
-4.886888889e-01 0.000000000e+00 0.000000000e+00 0.000000000e+00 0.000000000e+00 0.000000000e+00 0.000000000e+00 0.000000000e+00 0.000000000e+00 0.000000000e+00 0.000000000e+00 0.000000000e+00 0.000000000e+00 0.000000000e+00 0.000000000e+00 0.000000000e+00 0.000000000e+00 0.000000000e+00 0.000000000e+00 9.999802609e-01 6.283143966e-03 
-4.686888889e-01 0.000000000e+00 0.000000000e+00 0.000000000e+00 0.000000000e+00 0.000000000e+00 0.000000000e+00 0.000000000e+00 0.000000000e+00 0.000000000e+00 0.000000000e+00 0.000000000e+00 0.000000000e+00 0.000000000e+00 0.000000000e+00 0.000000000e+00 0.000000000e+00 0.000000000e+00 0.000000000e+00 8.053078857e-01 5.928568202e-01 
-4.486888889e-01 0.000000000e+00 0.000000000e+00 0.000000000e+00 0.000000000e+00 0.000000000e+00 0.000000000e+00 0.000000000e+00 0.000000000e+00 0.000000000e+00 0.000000000e+00 0.000000000e+00 0.000000000e+00 0.000000000e+00 0.000000000e+00 0.000000000e+00 0.000000000e+00 0.000000000e+00 0.000000000e+00 3.030352696e-01 9.529793415e-01 
-4.286888889e-01 4.294150732e-20 -6.706652258e-19 -9.892626340e-20 1.067104342e-18 1.813437755e-19 -1.492118719e-18 -3.020111131e-19 2.005865919e-18 4.824328253e-19 -2.682510469e-18 -7.659357895e-19 3.657320693e-18 1.253908289e-18 -5.238536483e-18 -2.250812378e-18 8.345285752e-18 5.279369873e-18 -1.756690798e-17 -3.149865197e-01 9.490961450e-01 
-4.086888889e-01 1.046761500e-18 -1.754099116e-18 -1.808607906e-18 2.741963094e-18 2.728090214e-18 -3.754478077e-18 -3.932898044e-18 4.925390056e-18 5.610521886e-18 -6.404361677e-18 -8.120549151e-18 8.456320209e-18 1.229367552e-17 -1.168058613e-17 -2.061595437e-17 1.786168061e-17 4.551131031e-17 -3.590853358e-17 -8.126941644e-01 5.826904797e-01 
-3.886888889e-01 6.175846051e-18 -2.794189451e-18 -1.018875713e-17 4.063966453e-18 1.472924936e-17 -5.098821423e-18 -2.040927333e-17 6.005857459e-18 2.804522318e-17 -6.817208239e-18 -3.916370894e-17 7.538548100e-18 5.726935973e-17 -8.154117846e-18 -9.283633742e-17 8.600093402e-18 1.981987446e-16 -8.547489066e-18 -9.999802609e-01 -6.283143965e-03 
-3.686888889e-01 2.421031488e-17 5.427501857e-18 -3.880863711e-17 -1.042905543e-17 5.450574600e-17 1.721453057e-17 -7.335217923e-17 -2.682042241e-17 9.784901939e-17 4.093591304e-17 -1.325571553e-16 -6.286280372e-17 1.878875447e-16 1.002489859e-16 -2.949262687e-16 -1.759813749e-16 6.089943121e-16 4.044154393e-16 -8.053078857e-01 -5.928568202e-01 
-3.486888889e-01 6.117151907e-17 7.079054502e-17 -9.425423722e-17 -1.184943834e-16 1.267787374e-16 1.739404904e-16 -1.626871799e-16 -2.448709313e-16 2.058541727e-16 3.419863698e-16 -2.628562187e-16 -4.854428133e-16 3.484633437e-16 7.215583071e-16 -5.066766846e-16 -1.188759719e-15 9.573786301e-16 2.578664236e-15 -3.030352696e-01 -9.529793415e-01 
-3.286888889e-01 2.887257384e-17 3.536560955e-16 -2.350629565e-17 -5.734450692e-16 -7.141155844e-19 8.155096281e-16 4.894899268e-17 -1.112391967e-15 -1.331391127e-16 1.505512240e-15 2.779888537e-16 -2.071238106e-15 -5.413161713e-16 2.984254366e-15 1.096335172e-15 -4.766268823e-15 -2.808306781e-15 1.002391332e-14 3.149865197e-01 -9.490961450e-01 
-3.086888889e-01 -7.010462608e-16 1.149739998e-15 1.208105978e-15 -1.811829825e-15 -1.822474215e-15 2.499974159e-15 2.632505419e-15 -3.302574779e-15 -3.767124974e-15 4.320127620e-15 5.472294071e-15 -5.731865458e-15 -8.314646874e-15 7.944780142e-15 1.398810632e-14 -1.217310072e-14 -3.095550501e-14 2.448381535e-14 8.126941644e-01 -5.826904797e-01 
-2.886888889e-01 -4.716460822e-15 1.965367729e-15 7.749505782e-15 -2.866118903e-15 -1.116964431e-14 3.607277420e-15 1.544509295e-14 -4.263246813e-15 -2.119552956e-14 4.855074361e-15 2.957534009e-14 -5.384478846e-15 -4.323075857e-14 5.837134075e-15 7.006705227e-14 -6.162529719e-15 -1.495803360e-13 6.110243631e-15 9.999802609e-01 6.283143965e-03 
-2.686888889e-01 -1.885894841e-14 -4.485230274e-15 3.017661976e-14 8.484691011e-15 -4.232597875e-14 -1.383736577e-14 5.690985750e-14 2.135874935e-14 -7.587698091e-14 -3.236581204e-14 1.027740410e-13 4.942713240e-14 -1.456904706e-13 -7.848702451e-14 2.287750130e-13 1.373272637e-13 -4.726829661e-13 -3.147831588e-13 8.053078857e-01 5.928568202e-01 
-2.486888889e-01 -4.788027079e-14 -5.581891093e-14 7.369772093e-14 9.333148948e-14 -9.904963787e-14 -1.368519804e-13 1.270368286e-13 1.924570135e-13 -1.607035636e-13 -2.685335832e-13 2.052076518e-13 3.808732511e-13 -2.721217765e-13 -5.657577023e-13 3.959107643e-13 9.316087271e-13 -7.487904985e-13 -2.020112628e-12 3.030352696e-01 9.529793415e-01 
-2.286888889e-01 -2.248377178e-14 -2.780828210e-13 1.807334298e-14 4.507844639e-13 1.163433492e-15 -6.408872064e-13 -3.925977625e-14 8.739549837e-13 1.055740208e-13 -1.182516506e-12 -2.194887394e-13 1.626539077e-12 4.263883388e-13 -2.343181282e-12 -8.622601769e-13 3.742055506e-12 2.206432445e-12 -7.869684935e-12 -3.149865197e-01 9.490961450e-01 
-2.086888889e-01 5.510795008e-13 -9.036116010e-13 -9.497166355e-13 1.423823678e-12 1.432660833e-12 -1.964381370e-12 -2.069294501e-12 2.594749887e-12 2.960873759e-12 -3.393896154e-12 -4.300604536e-12 4.502647548e-12 6.533621729e-12 -6.240762071e-12 -1.099066720e-11 9.562164650e-12 2.432015337e-11 -1.923311308e-11 -8.126941644e-01 5.826904797e-01 
-1.886888889e-01 3.706269300e-12 -1.544481198e-12 -6.089744489e-12 2.252180942e-12 8.777338838e-12 -2.834330846e-12 -1.213689426e-11 3.349415574e-12 1.665526468e-11 -3.814008218e-12 -2.323945104e-11 4.229505426e-12 3.396865039e-11 -4.584700935e-12 -5.505421710e-11 4.839955659e-12 1.175291605e-10 -4.798549110e-12 -9.999802609e-01 -6.283143959e-03 
-1.686888889e-01 1.481904490e-11 3.524237001e-12 -2.371234124e-11 -6.667025986e-12 3.325906454e-11 1.087328951e-11 -4.471858588e-11 -1.678376731e-11 5.962208357e-11 2.543321151e-11 -8.075638514e-11 -3.883982196e-11 1.144778516e-10 6.167431348e-11 -1.797616192e-10 -1.079088050e-10 3.714137274e-10 2.473463824e-10 -8.053078857e-01 -5.928568201e-01 
-1.486888889e-01 3.762318668e-11 4.386080818e-11 -5.790998867e-11 -7.333729603e-11 7.783085014e-11 1.075347907e-10 -9.982219729e-11 -1.512280379e-10 1.262760776e-10 2.110071546e-10 -1.612453515e-10 -2.992805221e-10 2.138235421e-10 4.445570323e-10 -3.110921355e-10 -7.320310315e-10 5.883730569e-10 1.587342465e-09 -3.030352697e-01 -9.529793415e-01 
-1.286888889e-01 1.766734316e-11 2.185095530e-10 -1.420191467e-11 -3.542138413e-10 -9.138301404e-13 5.035915730e-10 3.084917894e-11 -6.867300140e-10 -8.295765250e-11 9.291891032e-10 1.724694260e-10 -1.278089239e-09 -3.350460820e-10 1.841205549e-09 6.775423341e-10 -2.940399532e-09 -1.733754342e-09 6.183769707e-09 3.149865194e-01 -9.490961451e-01 
-1.086888889e-01 -4.330225528e-10 7.100325213e-10 7.462602700e-10 -1.118800785e-09 -1.125744349e-09 1.543556187e-09 1.625993615e-09 -2.038882318e-09 -2.326572198e-09 2.666828912e-09 3.379295642e-09 -3.538053953e-09 -5.133938044e-09 4.903814164e-09 8.636158316e-09 -7.513676784e-09 -1.911008989e-08 1.511283203e-08 8.126941637e-01 -5.826904807e-01 
-8.868888889e-02 -2.912281746e-09 1.213609931e-09 4.785149287e-09 -1.769700798e-09 -6.896985379e-09 2.227138205e-09 9.536829842e-09 -2.631877475e-09 -1.308723854e-08 2.996940999e-09 1.826090675e-08 -3.323426094e-09 -2.669160816e-08 3.602527283e-09 4.326004825e-08 -3.803097597e-09 -9.235108162e-08 3.770560066e-09 9.999802609e-01 6.283139369e-03 
-6.868888889e-02 -1.164438322e-08 -2.769241902e-09 1.863248208e-08 5.238754193e-09 -2.613402523e-08 -8.543914578e-09 3.513859014e-08 1.318819811e-08 -4.684933205e-08 -1.998468330e-08 6.345605856e-08 3.051921300e-08 -8.995341242e-08 -4.846189857e-08 1.412514998e-07 8.479162169e-08 -2.918461058e-07 -1.943575850e-07 8.053078960e-01 5.928568061e-01 
-4.868888889e-02 -2.956320698e-08 -3.446447826e-08 4.550398425e-08 5.762620594e-08 -6.115721145e-08 -8.449755887e-08 7.843735766e-08 1.188303829e-07 -9.922401749e-08 -1.658029840e-07 1.267017977e-07 2.351654719e-07 -1.680160932e-07 -3.493192141e-07 2.444466456e-07 5.752071385e-07 -4.623248486e-07 -1.247282746e-06 3.030353327e-01 9.529793215e-01 
-2.868888889e-02 -1.388303326e-08 -1.716969990e-07 1.116032083e-08 2.783286065e-07 7.168553005e-10 -3.957042707e-07 -2.423877162e-08 5.396077655e-07 6.518352079e-08 -7.301230224e-07 -1.355183365e-07 1.004275224e-06 2.632645433e-07 -1.446749300e-06 -5.323837114e-07 2.310449204e-06 1.362306379e-06 -4.858938608e-06 -3.149862815e-01 9.490962240e-01 
-8.688888889e-03 3.402365431e-07 -5.579084986e-07 -5.863575521e-07 8.790980018e-07 8.845314823e-07 -1.212848218e-06 -1.277594975e-06 1.602047155e-06 1.828063167e-06 -2.095448486e-06 -2.655220020e-06 2.779997724e-06 4.033887063e-06 -3.853109664e-06 -6.785642977e-06 5.903721591e-06 1.501503428e-05 -1.187438794e-05 -8.126936095e-01 5.826912532e-01 
1.131111111e-02 2.288023019e-06 -9.536170456e-07 -3.759447936e-06 1.390576164e-06 5.418615897e-06 -1.750011981e-06 -7.492595560e-06 2.068031741e-06 1.028191287e-05 -2.354864938e-06 -1.434643116e-05 2.611370352e-06 2.096954496e-05 -2.830625075e-06 -3.398511486e-05 2.988152183e-06 7.254642610e-05 -2.962514432e-06 -9.999802799e-01 -6.279533103e-03 
3.131111111e-02 9.145535114e-06 2.172937952e-06 -1.463399189e-05 -4.111552972e-06 2.052549413e-05 6.706577028e-06 -2.759700712e-05 -1.035323461e-05 3.679302886e-05 1.568981639e-05 -4.983244374e-05 -2.396118321e-05 7.063546056e-05 3.804804657e-05 -1.109033336e-04 -6.656667612e-05 2.290840016e-04 1.525511046e-04 -8.053159606e-01 -5.928457637e-01 
5.131111111e-02 2.320578761e-05 2.700949086e-05 -3.571712086e-05 -4.516583282e-05 4.799966550e-05 6.623112903e-05 -6.155390030e-05 -9.314371898e-05 7.785131291e-05 1.299579099e-04 -9.938387075e-05 -1.843053409e-04 1.317413249e-04 2.737142869e-04 -1.915638862e-04 -4.505395687e-04 3.619217290e-04 9.760850785e-04 -3.030844381e-01 -9.529629231e-01 
7.131111111e-02 1.122976398e-05 1.338831410e-04 -9.287110340e-06 -2.170472987e-04 1.685116246e-07 3.085614952e-04 1.804569984e-05 -4.206835120e-04 -4.983591425e-05 5.689805412e-04 1.044770116e-04 -7.821172625e-04 -2.036549613e-04 1.125577716e-03 4.122118224e-04 -1.794577697e-03 -1.052761425e-03 3.760797245e-03 3.147980291e-01 -9.491476106e-01 
9.131111111e-02 -2.553269782e-04 4.292883549e-04 4.414107579e-04 -6.762038915e-04 -6.674482948e-04 9.321075928e-04 9.655111070e-04 -1.229379411e-03 -1.382320863e-03 1.604424958e-03 2.006715208e-03 -2.121837316e-03 -3.042425266e-03 2.927678215e-03 5.094355316e-03 -4.455054760e-03 -1.114259460e-02 8.839271180e-03 8.121608092e-01 -5.831931655e-01 
1.113111111e-01 -1.603033026e-03 7.411288507e-04 2.641333193e-03 -1.080999170e-03 -3.811140437e-03 1.358408799e-03 5.264992743e-03 -1.599853869e-03 -7.201019420e-03 1.811715368e-03 9.983412419e-03 -1.992965811e-03 -1.443488557e-02 2.136412082e-03 2.296035521e-02 -2.221900040e-03 -4.704265566e-02 2.166258472e-03 9.984199419e-01 3.796181858e-03 
1.313111111e-01 -5.415660365e-03 -6.611894841e-04 8.677272279e-03 1.523168785e-03 -1.212693323e-02 -2.812861087e-03 1.615493018e-02 4.709395144e-03 -2.119738025e-02 -7.513313133e-03 2.801675559e-02 1.179485889e-02 -3.829206291e-02 -1.881672019e-02 5.677362010e-02 3.212401271e-02 -1.045983271e-01 -6.737592204e-02 8.001412135e-01 5.801297803e-01 
1.513111111e-01 -1.098459732e-02 -7.607895155e-03 1.686972260e-02 1.344730471e-02 -2.234930778e-02 -2.052816936e-02 2.786530980e-02 2.956754159e-02 -3.370805686e-02 -4.149515050e-02 4.032191124e-02 5.795034734e-02 -4.869887325e-02 -8.242744790e-02 6.163373448e-02 1.242664364e-01 -9.061543357e-02 -2.206128882e-01 3.033143445e-01 9.017620574e-01 
1.713111111e-01 -1.334194455e-02 -2.196222697e-02 1.834466471e-02 3.730997615e-02 -2.073747697e-02 -5.444190941e-02 2.043366232e-02 7.443033165e-02 -1.687945146e-02 -9.828699110e-02 9.161032924e-03 1.277395787e-01 4.351759934e-03 -1.665852102e-01 -2.741670498e-02 2.249238277e-01 7.285344364e-02 -3.395426572e-01 -2.513004126e-01 8.387278996e-01 
1.913111111e-01 -7.084518234e-03 -4.047873307e-02 3.857092281e-03 6.672167667e-02 5.957966039e-03 -9.328285067e-02 -2.310396320e-02 1.204580714e-01 4.858725489e-02 -1.477949849e-01 -8.374896156e-02 1.750418854e-01 1.311177380e-01 -2.030926183e-01 -1.972859413e-01 2.361654279e-01 3.051449462e-01 -2.903992686e-01 -6.034226906e-01 4.713491150e-01 
2.113111111e-01 9.567441839e-03 -5.691947813e-02 -2.909127690e-02 9.009518276e-02 5.959150636e-02 -1.183097250e-01 -1.010957135e-01 1.396456041e-01 1.525541772e-01 -1.512045120e-01 -2.121562869e-01 1.505417094e-01 2.783899736e-01 -1.364219769e-01 -3.526195783e-01 1.092060924e-01 4.471104699e-01 -7.078183582e-02 -6.338580377e-01 2.377446966e-02 
2.313111111e-01 3.409200970e-02 -6.545961617e-02 -7.507224552e-02 9.680954734e-02 1.291752321e-01 -1.133674304e-01 -1.925793117e-01 1.107144322e-01 2.583027211e-01 -8.527114558e-02 -3.177624488e-01 3.665737204e-02 3.630064582e-01 3.152450991e-02 -3.894100764e-01 -1.123522315e-01 3.988436199e-01 1.979437267e-01 -4.054844746e-01 -2.842484233e-01 
2.513111111e-01 6.117147244e-02 -6.310960498e-02 -1.235158009e-01 8.167534295e-02 1.958526059e-01 -7.209356784e-02 -2.665437576e-01 2.977412731e-02 3.199704251e-01 4.384692823e-02 -3.415942481e-01 -1.388010343e-01 3.231378712e-01 2.377127168e-01 -2.662680300e-01 -3.197193871e-01 1.832283531e-01 3.649170327e-01 -9.320467770e-02 -3.499238502e-01 
2.713111111e-01 8.510521036e-02 -5.051647030e-02 -1.632032185e-01 4.644692689e-02 2.406178345e-01 -1.282740832e-04 -2.949905143e-01 -8.760186548e-02 3.037259995e-01 2.016345635e-01 -2.549388643e-01 -3.135997217e-01 1.552180365e-01 3.901141042e-01 -3.064872592e-02 -4.045122010e-01 -7.940796221e-02 3.457253220e-01 1.289789278e-01 -2.137079187e-01 
2.913111111e-01 1.019550797e-01 -3.114063203e-02 -1.863116102e-01 -1.676859699e-03 2.511592525e-01 8.775147810e-02 -2.637374223e-01 -2.126195950e-01 2.026792810e-01 3.391054043e-01 -7.463670608e-02 -4.190082344e-01 -8.172129047e-02 4.148271760e-01 2.082118653e-01 -3.199203192e-01 -2.503463416e-01 1.650388160e-01 1.752680847e-01 -6.637364834e-03 
3.113111111e-01 1.105658768e-01 -9.468490015e-03 -1.904098665e-01 -5.338282242e-02 2.251523775e-01 1.735588266e-01 -1.767241271e-01 -3.141125158e-01 3.952384389e-02 4.120962355e-01 1.433487198e-01 -4.099475748e-01 -2.938213912e-01 2.925205195e-01 3.385004769e-01 -1.043101039e-01 -2.511300937e-01 -6.785574475e-02 7.131906039e-02 1.363955397e-01 
3.313111111e-01 1.122657262e-01 1.078088415e-02 -1.780065699e-01 -1.006531619e-01 1.693438240e-01 2.421244514e-01 -5.306316509e-02 -3.688966195e-01 -1.428136534e-01 3.971405854e-01 3.272061181e-01 -2.833304265e-01 -3.957397379e-01 6.701861506e-02 3.022894627e-01 1.410814263e-01 -9.929096201e-02 -2.260452428e-01 -8.369627954e-02 1.461307843e-01 
3.513111111e-01 1.096747780e-01 2.770373068e-02 -1.543968289e-01 -1.388539421e-01 9.568585021e-02 2.848479796e-01 8.073635551e-02 -3.677026805e-01 -2.971274716e-01 2.979539047e-01 4.175116408e-01 -7.781054599e-02 -3.475973537e-01 -1.754185787e-01 1.209448700e-01 3.039338151e-01 1.106681052e-01 -2.325203005e-01 -1.836607412e-01 4.052527861e-02 
3.713111111e-01 1.053358315e-01 4.126395370e-02 -1.250993966e-01 -1.669991124e-01 1.670322506e-02 3.002931903e-01 1.995045935e-01 -3.153747775e-01 -3.873295692e-01 1.414852376e-01 3.881348206e-01 1.427536393e-01 -1.695333961e-01 -3.437357432e-01 -1.192816963e-01 3.135618285e-01 2.628016837e-01 -9.387666266e-02 -1.717256726e-01 -1.016782491e-01 
3.913111111e-01 1.007792119e-01 5.258727044e-02 -9.401916498e-02 -1.865798775e-01 -5.796703789e-02 2.922467662e-01 2.857573824e-01 -2.265741228e-01 -3.977383047e-01 -3.318368465e-02 2.525474424e-01 3.134145919e-01 6.984801169e-02 -3.785063692e-01 -3.100118739e-01 1.698787490e-01 2.788698896e-01 1.112109610e-01 -6.105972984e-02 -1.923831357e-01 
4.113111111e-01 9.629347568e-02 6.299311983e-02 -6.286942681e-02 -1.998417203e-01 -1.229118374e-01 2.667095965e-01 3.320588556e-01 -1.196362824e-01 -3.342118557e-01 -1.877855024e-01 5.534695696e-02 3.896264266e-01 2.831522578e-01 -2.722989534e-01 -3.692141251e-01 -6.144955268e-02 1.523885027e-01 2.765067033e-01 8.262197925e-02 -1.808586713e-01 
4.313111111e-01 9.130903879e-02 7.323532985e-02 -3.173019931e-02 -2.083788027e-01 -1.763127855e-01 2.293122139e-01 3.397507481e-01 -1.122050152e-02 -2.185813232e-01 -2.949158542e-01 -1.455114927e-01 3.588816456e-01 3.979413092e-01 -6.814139267e-02 -2.738646044e-01 -2.813390818e-01 -5.447452783e-02 3.204674732e-01 1.812176497e-01 -7.465467382e-02 
4.513111111e-01 8.508939476e-02 8.319785685e-02 -2.228450440e-04 -2.125522200e-01 -2.182415093e-01 1.840947393e-01 3.157332296e-01 8.664642342e-02 -7.994112530e-02 -3.427920687e-01 -2.981317259e-01 2.405428205e-01 3.816417757e-01 1.602212719e-01 -6.554044246e-02 -4.005768269e-01 -2.447475287e-01 2.222026848e-01 1.847313681e-01 7.031911864e-02 
4.713111111e-01 7.744270249e-02 9.203685233e-02 3.122124582e-02 -2.118435703e-01 -2.489651491e-01 1.339516578e-01 2.694254305e-01 1.669338033e-01 5.357841982e-02 -3.352432662e-01 -3.719950500e-01 7.663515163e-02 2.511043119e-01 3.374120946e-01 1.700940620e-01 -3.772282044e-01 -3.341389214e-01 2.842777826e-02 9.457104310e-02 1.817447454e-01 
4.913111111e-01 6.925227898e-02 9.872816141e-02 6.048774378e-02 -2.061359054e-01 -2.683587093e-01 8.246751395e-02 2.113916459e-01 2.265770529e-01 1.612701724e-01 -2.889758232e-01 -3.673655902e-01 -8.344471912e-02 6.504804778e-02 4.178195236e-01 3.440015505e-01 -2.366124224e-01 -2.948205346e-01 -1.712786893e-01 -3.903513033e-02 2.109935279e-01 
5.113111111e-01 6.204778766e-02 1.030931336e-01 8.494334124e-02 -1.971451507e-01 -2.773562967e-01 3.447262119e-02 1.516286003e-01 2.663248340e-01 2.361045836e-01 -2.258295031e-01 -3.122173132e-01 -2.064380037e-01 -1.099502632e-01 4.077711443e-01 4.154919180e-01 -5.281464491e-02 -1.690073592e-01 -3.017795354e-01 -1.523155823e-01 1.614482877e-01 
5.313111111e-01 5.620309230e-02 1.061039288e-01 1.047688081e-01 -1.869883731e-01 -2.787434390e-01 -8.277443886e-03 9.418722477e-02 2.904581793e-01 2.844141189e-01 -1.579889941e-01 -2.341705279e-01 -2.904282829e-01 -2.459556360e-01 3.422909253e-01 4.022146432e-01 1.180342468e-01 -1.687805573e-02 -3.480633619e-01 -2.145247026e-01 6.926230381e-02 
5.513111111e-01 5.098822185e-02 1.085888503e-01 1.219746544e-01 -1.760379774e-01 -2.745161525e-01 -4.769378032e-02 3.774706579e-02 3.027197903e-01 3.132187847e-01 -8.678324256e-02 -1.431730105e-01 -3.440430194e-01 -3.437821496e-01 2.431620175e-01 3.297664834e-01 2.588856552e-01 1.291484617e-01 -3.246751353e-01 -2.237927133e-01 -3.565362579e-02 
5.713111111e-01 4.589753288e-02 1.108009775e-01 1.376600972e-01 -1.639820369e-01 -2.652242208e-01 -8.512928067e-02 -1.847524868e-02 3.044376828e-01 3.246936920e-01 -1.286494198e-02 -4.367759781e-02 -3.699467234e-01 -4.030752902e-01 1.213458955e-01 2.139890876e-01 3.605392963e-01 2.494418138e-01 -2.451040179e-01 -1.849284030e-01 -1.315825364e-01 
5.913111111e-01 4.076970929e-02 1.127789758e-01 1.520775075e-01 -1.506804595e-01 -2.510341732e-01 -1.206647970e-01 -7.364890608e-02 2.959559127e-01 3.191198720e-01 6.119024697e-02 5.836227102e-02 -3.678793996e-01 -4.207330519e-01 -1.191890550e-02 7.052489139e-02 4.132906390e-01 3.268462275e-01 -1.246079335e-01 -1.077680845e-01 -1.998551025e-01 
6.113111111e-01 3.557089887e-02 1.145225198e-01 1.651996296e-01 -1.361577485e-01 -2.321679771e-01 -1.538590737e-01 -1.262518943e-01 2.776186919e-01 2.969448134e-01 1.319215179e-01 1.558413489e-01 -3.383010295e-01 -3.956002977e-01 -1.436962800e-01 -8.199192795e-02 4.111703346e-01 3.494249014e-01 1.654793689e-02 -8.481670210e-03 -2.269266961e-01 
6.313111111e-01 3.030124084e-02 1.160275107e-01 1.769374759e-01 -1.205087769e-01 -2.089574825e-01 -1.841477670e-01 -1.746186234e-01 2.500387619e-01 2.593399782e-01 1.957593357e-01 2.416274439e-01 -2.834578854e-01 -3.303317630e-01 -2.608187749e-01 -2.235841774e-01 3.546745417e-01 3.136671478e-01 1.548830692e-01 9.252772849e-02 -2.073870106e-01 
6.513111111e-01 2.496917512e-02 1.172904505e-01 1.871973900e-01 -1.038567136e-01 -1.818299767e-01 -2.109768778e-01 -2.171603003e-01 2.141314389e-01 2.082588163e-01 2.494134088e-01 3.093513057e-01 -2.074451122e-01 -2.315573484e-01 -3.514626588e-01 -3.356033310e-01 2.513052951e-01 2.255911655e-01 2.673678641e-01 1.745412238e-01 -1.452822713e-01 
6.713111111e-01 1.958520280e-02 1.183085743e-01 1.958946157e-01 -8.633852453e-02 -1.512917967e-01 -2.338463470e-01 -2.524651806e-01 1.710910600e-01 1.463544845e-01 2.901018807e-01 3.539632724e-01 -1.159378504e-01 -1.092947837e-01 -4.064471407e-01 -4.032639617e-01 1.147262983e-01 9.989410606e-02 3.352587063e-01 2.207352946e-01 -5.336412229e-02 
6.913111111e-01 1.416040163e-02 1.190797171e-01 2.029567363e-01 -6.809989045e-02 -1.179151475e-01 -2.523278119e-01 -2.793583353e-01 1.223508237e-01 7.684366563e-02 3.157115352e-01 3.721328340e-01 -1.577046595e-02 2.405449791e-02 -4.201975297e-01 -4.176289470e-01 -3.701358613e-02 -4.246135350e-02 3.472381588e-01 2.216329676e-01 4.950442584e-02 
7.113111111e-01 8.706053557e-03 1.196022566e-01 2.083248412e-01 -4.929290120e-02 -8.232606823e-02 -2.660746541e-01 -2.969440592e-01 6.953434481e-02 3.338949808e-03 3.249116337e-01 3.625031038e-01 8.557479947e-02 1.549631824e-01 -3.913195414e-01 -3.768008758e-01 -1.838614727e-01 -1.777353824e-01 3.013095720e-01 1.770506743e-01 1.422144008e-01 
7.313111111e-01 3.233533889e-03 1.198750982e-01 2.119541313e-01 -3.007449487e-02 -4.519227640e-02 -2.748289656e-01 -3.046365095e-01 1.440122662e-02 -7.033927102e-02 3.172240597e-01 3.257935166e-01 1.805273645e-01 2.701510508e-01 -3.227428981e-01 -2.861756707e-01 -3.064105513e-01 -2.833689658e-01 2.051325388e-01 9.613699424e-02 2.057414880e-01 
7.513111111e-01 -2.245735403e-03 1.198976710e-01 2.138143150e-01 -1.060507088e-02 -7.210519790e-03 -2.784264900e-01 -3.021794082e-01 -4.121168785e-02 -1.403615153e-01 2.930483950e-01 2.647463741e-01 2.619940873e-01 3.579325667e-01 -2.214245818e-01 -1.577301652e-01 -3.884651017e-01 -3.417460058e-01 7.474622396e-02 -4.504301859e-03 2.270497612e-01 
7.713111111e-01 -7.720315853e-03 1.196699275e-01 2.138898664e-01 8.952868974e-03 3.090653075e-02 -2.767997259e-01 -2.896546198e-01 -9.545155372e-02 -2.030883033e-01 2.536411988e-01 1.839220432e-01 3.238892191e-01 4.094024710e-01 -9.764314796e-02 -8.439414003e-03 -4.191810068e-01 -3.431311744e-01 -6.810527137e-02 -1.042213002e-01 2.017667061e-01 
7.913111111e-01 -1.317877813e-02 1.191923430e-01 2.121801546e-01 2.843608215e-02 6.844366254e-02 -2.699791973e-01 -2.674794318e-01 -1.465112673e-01 -2.552593394e-01 2.010507059e-01 8.935829470e-02 3.615890476e-01 4.193392389e-01 3.604400445e-02 1.419666690e-01 -3.944989291e-01 -2.872934763e-01 -1.995990716e-01 -1.825517596e-01 1.350804881e-01 
8.113111111e-01 -1.860972637e-02 1.184659145e-01 2.086994501e-01 4.768194934e-02 1.046965434e-01 -2.580928819e-01 -2.363926530e-01 -1.926896766e-01 -2.941629734e-01 1.380103681e-01 -1.188073286e-02 3.722773058e-01 3.867348042e-01 1.660745579e-01 2.736107684e-01 -3.176807951e-01 -1.835447831e-01 -2.978063860e-01 -2.234220240e-01 4.067532936e-02 
8.313111111e-01 -2.400182213e-02 1.174921587e-01 2.034768051e-01 6.652983214e-02 1.389849383e-01 -2.413638101e-01 -1.974299992e-01 -2.324482594e-01 -3.177771439e-01 6.779678063e-02 -1.122322411e-01 3.551555550e-01 3.148968274e-01 2.792571496e-01 3.690951082e-01 -1.988787099e-01 -4.918692575e-02 -3.463495016e-01 -2.184453869e-01 -6.207653482e-02 
8.513111111e-01 -2.934380806e-02 1.162731085e-01 1.965558111e-01 8.482241393e-02 1.706654727e-01 -2.201058798e-01 -1.518895859e-01 -2.644623821e-01 -3.248744767e-01 -5.940623592e-03 -2.041997313e-01 3.115028313e-01 2.111131407e-01 3.641096117e-01 4.158007014e-01 -5.379327933e-02 9.337367457e-02 -3.371330417e-01 -1.686430699e-01 -1.520900990e-01 
8.713111111e-01 -3.462453141e-02 1.148113089e-01 1.879942352e-01 1.024070130e-01 1.991437053e-01 -1.947179666e-01 -1.012886794e-01 -2.876654329e-01 -3.150860798e-01 -7.936925697e-02 -2.809130112e-01 2.445800980e-01 8.591241006e-02 4.120238164e-01 4.075550459e-01 9.840134526e-02 2.203626521e-01 -2.716940053e-01 -8.423466496e-02 -2.108942968e-01 
8.913111111e-01 -3.983296734e-02 1.131098118e-01 1.778635379e-01 1.191368569e-01 2.238852813e-01 -1.656764398e-01 -4.731314616e-02 -3.012843575e-01 -2.889207165e-01 -1.486725807e-01 -3.366414145e-01 1.593866439e-01 -4.800397820e-02 4.181389549e-01 3.454478683e-01 2.375914781e-01 3.106024696e-01 -1.609454467e-01 1.745895792e-02 -2.264223222e-01 
9.113111111e-01 -4.495824195e-02 1.111721696e-01 1.662482764e-01 1.348723076e-01 2.444259592e-01 -1.335262234e-01 8.238715389e-03 -3.048654153e-01 -2.477383620e-01 -2.102484736e-01 -3.672218956e-01 6.228662475e-02 -1.770504502e-01 3.818346574e-01 2.376871080e-01 3.453820766e-01 3.490441274e-01 -2.335654146e-02 1.155699478e-01 -1.954877756e-01 
9.313111111e-01 -4.998965493e-02 1.090024276e-01 1.532453994e-01 1.494820269e-01 2.603803217e-01 -9.887057185e-02 6.351608832e-02 -2.982892965e-01 -1.936795172e-01 -2.608964570e-01 -3.703700191e-01 -3.946635488e-02 -2.881354763e-01 3.067939289e-01 9.851417516e-02 4.075277873e-01 3.292768358e-01 1.181274579e-01 1.899656211e-01 -1.244385230e-01 
9.513111111e-01 -5.491670194e-02 1.066051156e-01 1.389634372e-01 1.628440724e-01 2.714490070e-01 -6.235975059e-02 1.166773008e-01 -2.817750971e-01 -1.295539537e-01 -2.979840427e-01 -3.458506126e-01 -1.382711030e-01 -3.699896828e-01 2.006295147e-01 -5.367816075e-02 4.158155784e-01 2.545971214e-01 2.399117268e-01 2.253797521e-01 -2.785409444e-02 
9.713111111e-01 -5.972909653e-02 1.039852386e-01 1.235215962e-01 1.748469160e-01 2.774243266e-01 -2.467883474e-02 1.659511851e-01 -2.558730194e-01 -5.869467235e-02 -3.195835604e-01 -2.954953348e-01 -2.267466677e-01 -4.143091093e-01 7.411160133e-02 -1.987765164e-01 3.691501546e-01 1.374590764e-01 3.216867004e-01 2.145452496e-01 7.444608183e-02 
9.913111111e-01 -6.441679163e-02 1.011482663e-01 1.070487642e-01 1.853903743e-01 2.781941620e-01 1.346514536e-02 2.096960870e-01 -2.214460408e-01 1.521533302e-02 -3.245723498e-01 -2.230658458e-01 -2.982837117e-01 -4.165976308e-01 -5.992479906e-02 -3.176050324e-01 2.736987095e-01 -2.602569934e-03 3.498150333e-01 1.596853877e-01 1.614696881e-01 
1.011311111e+00 -6.897000048e-02 9.810012159e-02 8.968243393e-02 1.943864446e-01 2.737440681e-01 5.135647060e-02 2.464545611e-01 -1.796411622e-01 8.833450372e-02 -3.126911129e-01 -1.339728023e-01 -3.475382460e-01 -3.766230808e-01 -1.878819377e-01 -3.944596097e-01 1.420758827e-01 -1.422301942e-01 3.196058554e-01 7.205758235e-02 2.153592070e-01 
1.031311111e+00 -7.337921712e-02 9.484716821e-02 7.156755611e-02 2.017600399e-01 2.641575449e-01 8.828416260e-02 2.750019285e-01 -1.318511934e-01 1.568623856e-01 -2.845573908e-01 -3.487166875e-02 -3.708308387e-01 -2.984408048e-01 -2.967787956e-01 -4.191833272e-01 -8.323360586e-03 -2.581385534e-01 2.360970524e-01 -3.035666531e-02 2.250563398e-01 
1.051311111e+00 -7.763523620e-02 9.139619753e-02 5.285532918e-02 2.074496155e-01 2.496144702e-01 1.235553242e-01 2.943870786e-01 -7.966834898e-02 2.172371620e-01 -2.416334664e-01 6.683446222e-02 -3.664214771e-01 -1.899822523e-01 -3.755679849e-01 -3.885087561e-01 -1.576226080e-01 -3.309979889e-01 1.132151150e-01 -1.265416298e-01 1.885712044e-01 
1.071311111e+00 -8.172917222e-02 8.775441431e-02 3.370193751e-02 2.114076824e-01 2.303877248e-01 1.565081409e-01 3.039641580e-01 -2.483120056e-02 2.663207837e-01 -1.861503608e-01 1.635478983e-01 -3.346395511e-01 -6.225034612e-02 -4.162564857e-01 -3.064897761e-01 -2.860908200e-01 -3.486579706e-01 -2.854733754e-02 -1.967598543e-01 1.133906653e-01 
