# nmin = 1 nmax = 11 
#   t        realpha           imalpha
#
#
-4.886888889e-01 0.000000000e+00 0.000000000e+00 0.000000000e+00 0.000000000e+00 0.000000000e+00 0.000000000e+00 9.999968417e-01 2.513271477e-03 0.000000000e+00 0.000000000e+00 0.000000000e+00 0.000000000e+00 0.000000000e+00 0.000000000e+00 0.000000000e+00 0.000000000e+00 0.000000000e+00 0.000000000e+00 0.000000000e+00 0.000000000e+00 
-4.686888889e-01 0.000000000e+00 0.000000000e+00 0.000000000e+00 0.000000000e+00 0.000000000e+00 0.000000000e+00 9.679550769e-01 2.511234142e-01 0.000000000e+00 0.000000000e+00 0.000000000e+00 0.000000000e+00 0.000000000e+00 0.000000000e+00 0.000000000e+00 0.000000000e+00 0.000000000e+00 0.000000000e+00 0.000000000e+00 0.000000000e+00 
-4.486888889e-01 0.000000000e+00 0.000000000e+00 0.000000000e+00 0.000000000e+00 0.000000000e+00 0.000000000e+00 8.750931347e-01 4.839545492e-01 0.000000000e+00 0.000000000e+00 0.000000000e+00 0.000000000e+00 0.000000000e+00 0.000000000e+00 0.000000000e+00 0.000000000e+00 0.000000000e+00 0.000000000e+00 0.000000000e+00 0.000000000e+00 
-4.286888889e-01 -1.008471100e-18 -8.005999947e-19 2.091441055e-18 1.759792420e-18 -5.000077499e-18 -4.456638330e-18 7.272458724e-01 6.863770400e-01 6.116815157e-18 6.111893272e-18 -3.252240934e-18 -3.440336333e-18 2.268798697e-18 2.541332852e-18 -1.758614638e-18 -2.086629447e-18 1.439416688e-18 1.810158661e-18 -1.216758022e-18 -1.623024560e-18 
-4.086888889e-01 -2.613858113e-18 -3.098442935e-18 5.253689700e-18 6.841378909e-18 -1.210813662e-17 -1.736337085e-17 5.337030774e-01 8.456719371e-01 1.350779121e-17 2.375631024e-17 -6.780573835e-18 -1.331318824e-17 4.423927771e-18 9.770214079e-18 -3.170720723e-18 -7.953277361e-18 2.365926636e-18 6.826267669e-18 -1.790469497e-18 -6.043291589e-18 
-3.886888889e-01 -6.131017236e-18 -1.239459603e-17 1.176043300e-17 2.703603026e-17 -2.558817194e-17 -6.776935680e-17 3.066257552e-01 9.518301562e-01 2.424633832e-17 9.032081072e-17 -1.079452076e-17 -4.991234786e-17 5.970711556e-18 3.609512826e-17 -3.347933998e-18 -2.893311425e-17 1.637374005e-18 2.443533083e-17 -4.078138108e-19 -2.127069459e-17 
-3.686888889e-01 -1.035240664e-17 -4.984322448e-17 1.697393783e-17 1.072705936e-16 -2.896371175e-17 -2.653636988e-16 6.028200911e-02 9.981813860e-01 4.107843945e-18 3.445931529e-16 6.826220478e-18 -1.879858696e-16 -1.132063056e-17 1.342105763e-16 1.404430379e-17 -1.062156345e-16 -1.594025389e-17 8.857786181e-17 1.732938683e-17 -7.615490538e-17 
-3.486888889e-01 9.379128523e-18 -1.913162903e-16 -3.916066656e-17 4.067598006e-16 1.435263902e-16 -9.940881516e-16 -1.898494773e-01 9.818132083e-01 -3.064941570e-16 1.259925842e-15 1.997048422e-16 -6.790281700e-16 -1.656727978e-16 4.789381599e-16 1.493164064e-16 -3.744822288e-16 -1.396455925e-16 3.085727680e-16 1.330251634e-16 -2.621701689e-16 
-3.286888889e-01 2.151797892e-16 -6.923461701e-16 -5.273861630e-16 1.453888154e-15 1.462893520e-15 -3.508370834e-15 -4.280520229e-01 9.037540958e-01 -2.307842496e-15 4.330712252e-15 1.369640737e-15 -2.302143576e-15 -1.056575008e-15 1.600989750e-15 8.983549046e-16 -1.233769772e-15 -8.009758813e-16 1.001563124e-15 7.332020349e-16 -8.379896583e-16 
-3.086888889e-01 1.444025466e-15 -2.339251615e-15 -3.308905653e-15 4.841104557e-15 8.681588814e-15 -1.150319157e-14 -6.393584855e-01 7.689087898e-01 -1.255653293e-14 1.372913502e-14 7.198703457e-15 -7.164783206e-15 -5.388181527e-15 4.885555596e-15 4.461239554e-15 -3.686573809e-15 -3.885115079e-15 2.925968000e-15 3.482507003e-15 -2.389399491e-15 
-2.886888889e-01 7.513115099e-15 -7.231478399e-15 -1.672489398e-14 1.466338229e-14 4.274813846e-14 -3.407068523e-14 -8.104917032e-01 5.857501166e-01 -5.908095222e-14 3.859791845e-14 3.320500304e-14 -1.953556625e-14 -2.440386160e-14 1.287011217e-14 1.986802891e-14 -9.339765311e-15 -1.703466808e-14 7.088870300e-15 1.505015369e-14 -5.497185052e-15 
-2.686888889e-01 3.442914005e-14 -1.948189896e-14 -7.528767576e-14 3.809782503e-14 1.892140520e-13 -8.485512544e-14 -9.306987463e-01 3.657866093e-01 -2.534946391e-13 8.608746099e-14 1.404356258e-13 -4.045825231e-14 -1.018101953e-13 2.427044766e-14 8.181456054e-14 -1.557781460e-14 -6.928133157e-14 9.979867270e-15 6.048877908e-14 -6.002970939e-15 
-2.486888889e-01 1.448891398e-13 -3.910202000e-14 -3.125843838e-13 6.895664108e-14 7.753119752e-13 -1.332803057e-13 -9.924265644e-01 1.228393841e-01 -1.012668915e-12 7.717188498e-14 5.541935070e-13 -1.617414187e-14 -3.969957989e-13 -6.866674564e-15 3.153232036e-13 1.994336883e-14 -2.639901068e-13 -2.868948228e-14 2.279308349e-13 3.500846128e-14 
-2.286888889e-01 5.692828706e-13 -6.982697277e-15 -1.213640180e-12 -4.152970155e-14 2.974604164e-12 2.417328020e-13 -9.917965715e-01 -1.278262913e-01 -3.793831650e-12 -6.718252853e-13 2.051630746e-12 4.634143838e-13 -1.452275929e-12 -3.997709837e-13 1.139836080e-12 3.707688464e-13 -9.429628892e-13 -3.544779627e-13 8.045021207e-13 3.436786016e-13 
-2.086888889e-01 2.098407236e-12 5.114320436e-13 -4.420315626e-12 -1.297607645e-12 1.070205950e-11 3.694625234e-12 -9.288483525e-01 -3.704601708e-01 -1.330652926e-11 -6.047878498e-12 7.101473909e-12 3.638405672e-12 -4.959202083e-12 -2.839092169e-12 3.838510437e-12 2.437756330e-12 -3.130472851e-12 -2.192158522e-12 2.631888818e-12 2.021847659e-12 
-1.886888889e-01 7.228051439e-12 3.858985496e-12 -1.501814609e-11 -8.938371614e-12 3.583884008e-11 2.367265991e-11 -8.075371754e-01 -5.898166752e-01 -4.318875546e-11 -3.477681525e-11 2.266160251e-11 2.006911480e-11 -1.554397353e-11 -1.511093523e-11 1.180465057e-11 1.257892359e-11 -9.434685997e-12 -1.100848492e-11 7.763325019e-12 9.912293958e-12 
-1.686888889e-01 2.291860206e-11 2.099905961e-11 -4.675103716e-11 -4.701271653e-11 1.093552950e-10 1.207968188e-10 -6.354854676e-01 -7.721128288e-01 -1.258862619e-10 -1.685330899e-10 6.433552970e-11 9.512362792e-11 -4.285970400e-11 -7.018978236e-11 3.150844327e-11 5.735809970e-11 -2.428167248e-11 -4.935161562e-11 1.917448108e-11 4.374684031e-11 
-1.486888889e-01 6.440251205e-11 9.878316777e-11 -1.274318799e-10 -2.168545379e-10 2.878587663e-10 5.470367366e-10 -4.235038708e-01 -9.058942937e-01 -3.035648993e-10 -7.380389246e-10 1.466557186e-10 4.102272836e-10 -9.126692282e-11 -2.983470014e-10 6.166291824e-11 2.404878953e-10 -4.266196251e-11 -2.042501332e-10 2.918348127e-11 1.788371174e-10 
-1.286888889e-01 1.434492550e-10 4.237373955e-10 -2.636555197e-10 -9.170534673e-10 5.416319990e-10 2.281656496e-09 -1.849119684e-01 -9.827550885e-01 -4.191435218e-10 -2.998308651e-09 1.518562903e-10 1.645734959e-09 -5.388420787e-11 -1.182376408e-09 -3.082105553e-13 9.418443149e-10 3.593849592e-11 -7.907628884e-10 -6.148911426e-11 6.846669652e-10 
-1.086888889e-01 1.273281212e-10 1.692352429e-09 -1.036064928e-10 -3.618441962e-09 -1.624040997e-10 8.894908017e-09 6.529863285e-02 -9.978657668e-01 1.288609080e-09 -1.141267265e-08 -9.946700656e-10 6.190492805e-09 9.175126470e-10 -4.395458406e-09 -8.897125164e-10 3.460499735e-09 8.780980892e-10 -2.871738365e-09 -8.718875195e-10 2.457785066e-09 
-8.868888889e-02 -1.128779120e-09 6.338645785e-09 3.033106376e-09 -1.339364688e-08 -8.988621274e-09 3.253095877e-08 3.114062799e-01 -9.502768696e-01 1.550221879e-08 -4.071992670e-08 -9.495296966e-09 2.180843585e-08 7.518264184e-09 -1.528540796e-08 -6.534029400e-09 1.187614693e-08 5.935887318e-09 -9.723711303e-09 -5.522523563e-09 8.208506432e-09 
-6.868888889e-02 -1.012784342e-08 2.222628287e-08 2.378126586e-08 -4.635310942e-08 -6.371969729e-08 1.110540549e-07 5.379471221e-01 -8.429785844e-01 9.537964761e-08 -1.349990386e-07 -5.546535849e-08 7.117634706e-08 4.204666494e-08 -4.907283491e-08 -3.521365850e-08 3.747414532e-08 3.098508806e-08 -3.012937741e-08 -2.803667244e-08 2.495177168e-08 
-4.868888889e-02 -5.818367520e-08 7.211478625e-08 1.311150462e-07 -1.478868558e-07 -3.389092004e-07 3.479488011e-07 7.306867598e-01 -6.827128672e-01 4.778338345e-07 -4.060647051e-07 -2.709567055e-07 2.092068649e-07 2.007966499e-07 -1.406479099e-07 -1.647462224e-07 1.044754045e-07 1.422790450e-07 -8.147667342e-08 -1.265603206e-07 6.523335743e-08 
-2.868888889e-02 -2.818273926e-07 2.100889933e-07 6.212946283e-07 -4.197026135e-07 -1.573564132e-06 9.587761315e-07 8.775146421e-01 -4.795498441e-01 2.138867610e-06 -1.041253814e-06 -1.192985936e-06 5.130860900e-07 8.705056730e-07 -3.273617286e-07 -7.039137034e-07 2.284592613e-07 5.996610048e-07 -1.651481508e-07 -5.265778765e-07 1.202927131e-07 
-8.688888889e-03 -1.233713689e-06 5.060608082e-07 2.678763666e-06 -9.559928639e-07 -6.686220291e-06 2.038334475e-06 9.692050334e-01 -2.462551584e-01 8.841203304e-06 -1.808067756e-06 -4.867433818e-06 7.597549855e-07 3.507319135e-06 -3.815735789e-07 -2.801896110e-06 1.753389332e-07 2.359102270e-06 -4.106831356e-08 -2.048239531e-06 -5.479340747e-08 
1.131111111e-02 -5.009743076e-06 6.955407248e-07 1.074291156e-05 -9.854689984e-07 -2.648597774e-05 1.181686129e-06 9.999968440e-01 2.511826935e-03 3.418680307e-05 1.697376853e-06 -1.859853140e-05 -1.800320474e-06 1.324483917e-05 1.906709780e-06 -1.045859489e-05 -1.998936833e-06 8.705069667e-06 2.074488166e-06 -7.472382508e-06 -2.133321055e-06 
3.131111111e-02 -1.905098050e-05 -2.167635374e-06 4.037516999e-05 6.507360196e-06 -9.836061284e-05 -2.062705715e-05 9.679564341e-01 2.511181059e-01 1.239362152e-04 3.846785839e-05 -6.659241704e-05 -2.414732731e-05 4.683153951e-05 1.948976070e-05 -3.651215662e-05 -1.720068648e-05 3.000048623e-05 1.582362897e-05 -2.541613152e-05 -1.487511634e-05 
5.131111111e-02 -6.778175348e-05 -2.584850031e-05 1.418377919e-04 6.180299113e-05 -3.409698237e-04 -1.680560792e-04 8.751029439e-01 4.839362399e-01 4.180621482e-04 2.576741233e-04 -2.212823470e-04 -1.511772299e-04 1.532171401e-04 1.154946656e-04 -1.175340901e-04 -9.737771262e-05 9.494777050e-05 8.618040722e-05 -7.901263448e-05 -7.834858078e-05 
7.131111111e-02 -2.225838548e-04 -1.570773772e-04 4.583578226e-04 3.568318359e-04 -1.082605168e-03 -9.283774789e-04 7.272969578e-01 6.863172256e-01 1.280822904e-03 1.329282141e-03 -6.631870989e-04 -7.568679093e-04 4.485654429e-04 5.631005969e-04 -3.354761249e-04 -4.635453951e-04 2.635979414e-04 4.013253283e-04 -2.127215740e-04 -3.572813683e-04 
9.131111111e-02 -6.484344165e-04 -7.559306175e-04 1.302086084e-03 1.675105232e-03 -2.985124413e-03 -4.252010840e-03 5.339245473e-01 8.454705323e-01 3.331908132e-03 5.894280374e-03 -1.652406850e-03 -3.285195138e-03 1.065285813e-03 2.397508505e-03 -7.537259691e-04 -1.937217881e-03 5.548453508e-04 1.645901882e-03 -4.141562010e-04 -1.434457460e-03 
1.113111111e-01 -1.516926497e-03 -2.975648777e-03 2.885203981e-03 6.481081370e-03 -6.161438965e-03 -1.608439799e-02 3.074684926e-01 9.509444493e-01 5.896168760e-03 2.217930592e-02 -2.536323644e-03 -1.204738368e-02 1.353042150e-03 8.597193678e-03 -7.227604698e-04 -6.786047841e-03 3.273396704e-04 5.613698407e-03 -6.834947466e-05 -4.717414237e-03 
1.313111111e-01 -2.330244806e-03 -8.831404245e-03 3.703026018e-03 1.889952381e-02 -5.873883375e-03 -4.541505184e-02 6.357743816e-02 9.936230162e-01 -1.025258927e-05 6.438460907e-02 2.103527596e-03 -3.337699635e-02 -2.847433726e-03 2.290180419e-02 3.176656002e-03 -1.732113038e-02 -3.245317753e-03 1.360897722e-02 3.008558981e-03 -1.061553680e-02 
1.513111111e-01 -1.537100840e-03 -1.866455730e-02 -2.194062397e-04 3.899897074e-02 8.379832204e-03 -8.920745129e-02 -1.767936273e-01 9.657546278e-01 -3.622910420e-02 1.325412568e-01 2.303485403e-02 -6.314956462e-02 -1.841515250e-02 4.033276287e-02 1.540832711e-02 -2.820268307e-02 -1.266919526e-02 2.019902322e-02 9.406962772e-03 -1.392240445e-02 
1.713111111e-01 1.715354376e-03 -3.012537215e-02 -1.097338979e-02 6.085531615e-02 4.025494087e-02 -1.301592394e-01 -3.885369429e-01 8.699112419e-01 -1.182601549e-01 1.986166844e-01 6.273086186e-02 -8.273584090e-02 -4.381729837e-02 4.684757954e-02 3.213065860e-02 -2.871108575e-02 -2.271837662e-02 1.779887406e-02 1.359120339e-02 -1.058237451e-02 
1.913111111e-01 7.025104785e-03 -4.123751867e-02 -2.732979643e-02 7.959185524e-02 8.380541308e-02 -1.561617565e-01 -5.515103262e-01 7.225155115e-01 -2.400256398e-01 2.301319112e-01 1.091538997e-01 -7.767878287e-02 -6.709993030e-02 3.554162863e-02 4.261197640e-02 -1.709189713e-02 -2.506648205e-02 8.574389498e-03 1.112824091e-02 -5.299894777e-03 
2.113111111e-01 1.378333868e-02 -5.128911157e-02 -4.725010848e-02 9.336341215e-02 1.311821088e-01 -1.642011092e-01 -6.557333097e-01 5.460062284e-01 -3.805662822e-01 2.073389277e-01 1.449348027e-01 -4.738904719e-02 -7.611773197e-02 1.202298917e-02 3.984687734e-02 -1.870543604e-03 -1.784527071e-02 1.399948460e-03 4.452028686e-03 -4.465355357e-03 
2.313111111e-01 2.160481891e-02 -6.013882705e-02 -6.906377131e-02 1.018341002e-01 1.761386760e-01 -1.557846063e-01 -7.006728509e-01 3.623205966e-01 -5.137458436e-01 1.251774214e-01 1.567026060e-01 -2.860853286e-03 -6.632316822e-02 -1.096825604e-02 2.570540604e-02 6.009717847e-03 -6.805850775e-03 2.969895577e-03 -4.735688955e-04 -9.393348404e-03 
2.513111111e-01 3.027286449e-02 -6.777016043e-02 -9.151486227e-02 1.051833693e-01 2.144125624e-01 -1.341166414e-01 -6.927650289e-01 1.896568273e-01 -6.152798948e-01 -8.781148848e-03 1.402516478e-01 3.911494276e-02 -4.267799886e-02 -2.100969855e-02 9.112664578e-03 4.833901077e-04 -2.815709418e-04 1.303464519e-02 3.078293918e-04 -1.621286030e-02 
2.713111111e-01 3.961388181e-02 -7.416255035e-02 -1.135912067e-01 1.037661650e-01 2.433998570e-01 -1.029033228e-01 -6.426889650e-01 4.110983659e-02 -6.674867997e-01 -1.779149101e-01 1.015964347e-01 6.242530575e-02 -1.676743592e-02 -1.191277323e-02 3.948537961e-04 -1.645774614e-02 -3.265642463e-03 2.529466303e-02 6.012970631e-03 -1.973159726e-02 
2.913111111e-01 4.943148405e-02 -7.929936144e-02 -1.344195324e-01 9.805319110e-02 2.618003172e-01 -6.584869498e-02 -5.629560265e-01 -7.548057406e-02 -6.616496964e-01 -3.610053093e-01 5.446980804e-02 5.696671578e-02 -1.264382835e-03 1.386352645e-02 5.500927162e-03 -3.636456959e-02 -1.442162562e-02 3.199682654e-02 1.225271392e-02 -1.743923849e-02 
3.113111111e-01 5.951139306e-02 -8.320415754e-02 -1.532643102e-01 8.864103977e-02 2.693638305e-01 -2.641421925e-02 -4.660965109e-01 -1.569465801e-01 -5.980938167e-01 -5.365668754e-01 1.567302175e-02 2.141333254e-02 -4.483486782e-03 4.674483015e-02 2.307861227e-02 -4.913446821e-02 -2.727831024e-02 2.886059090e-02 1.441429037e-02 -1.103300788e-02 
3.313111111e-01 6.966263909e-02 -8.595397575e-02 -1.695809688e-01 7.623524543e-02 2.667095085e-01 1.234621291e-02 -3.634666961e-01 -2.038858975e-01 -4.845909407e-01 -6.862001130e-01 1.198869872e-04 -3.697937641e-02 -2.727067592e-02 7.432198634e-02 4.548032655e-02 -4.819546506e-02 -3.430081100e-02 1.747794192e-02 1.074014919e-02 -5.003068011e-03 
3.513111111e-01 7.975310434e-02 -8.766029253e-02 -1.830569736e-01 6.158631001e-02 2.551463688e-01 4.793426259e-02 -2.645442283e-01 -2.196969143e-01 -3.339256617e-01 -7.965911707e-01 1.712110553e-02 -1.049065019e-01 -6.313484443e-02 8.627908348e-02 6.271168388e-02 -3.353146433e-02 -3.120474040e-02 4.210166754e-03 3.291259837e-03 -3.634410981e-03 
3.713111111e-01 8.971481114e-02 -8.843412624e-02 -1.936008227e-01 4.540574472e-02 2.364511204e-01 7.852083926e-02 -1.765591209e-01 -2.096681330e-01 -1.613535080e-01 -8.602322146e-01 6.869600198e-02 -1.666758675e-01 -1.010841369e-01 7.799325046e-02 6.712334992e-02 -1.142304269e-02 -1.919038117e-02 -3.393957395e-03 -3.454898584e-03 -8.411419010e-03 
3.913111111e-01 9.951912947e-02 -8.835796847e-02 -2.012801624e-01 2.830144669e-02 2.126118678e-01 1.029862546e-01 -1.043631762e-01 -1.801480062e-01 1.759470884e-02 -8.751889553e-01 1.498852223e-01 -2.077724920e-01 -1.297061479e-01 5.170826242e-02 5.666713476e-02 8.567575564e-03 -4.196404911e-03 -5.396309444e-04 -5.273288734e-03 -1.722999270e-02 
4.113111111e-01 1.091386908e-01 -8.747789116e-02 -2.062397812e-01 1.075607733e-02 1.855871804e-01 1.208707208e-01 -5.049969086e-02 -1.378118486e-01 1.887932371e-01 -8.442893300e-01 2.504674597e-01 -2.174654695e-01 -1.408760441e-01 1.528001895e-02 3.551319275e-02 1.773914017e-02 6.132639295e-03 1.248370731e-02 -5.363602486e-04 -2.562779148e-02 
4.313111111e-01 1.185131880e-01 -8.581283828e-02 -2.086364323e-01 -6.855864765e-03 1.571398237e-01 1.322683766e-01 -1.545231579e-02 -8.908894464e-02 3.407379629e-01 -7.740261109e-01 3.572430308e-01 -1.900913326e-01 -1.319671947e-01 -2.068740410e-02 1.212405172e-02 1.171608937e-02 6.097919709e-03 3.049957891e-02 8.949444585e-03 -2.917910047e-02 
4.513111111e-01 1.275186497e-01 -8.336138402e-02 -2.086154057e-01 -2.424494314e-02 1.287905423e-01 1.377698504e-01 1.991162619e-03 -3.990384451e-02 4.655650221e-01 -6.733222895e-01 4.560056859e-01 -1.250343886e-01 -1.062531511e-01 -4.626078175e-02 -4.129234332e-03 -7.915792878e-03 -5.484856761e-03 4.580392897e-02 1.891404719e-02 -2.575863544e-02 
4.713111111e-01 1.359069745e-01 -8.007115072e-02 -2.063414028e-01 -4.124225700e-02 1.019056588e-01 1.386798171e-01 4.449701269e-03 3.999005655e-03 5.605015747e-01 -5.520198426e-01 5.322093204e-01 -2.564411858e-02 -7.193603231e-02 -5.561600161e-02 -6.464759061e-03 -3.388835345e-02 -2.481725914e-02 5.147360907e-02 2.492635652e-02 -1.660696412e-02 
4.913111111e-01 1.431980439e-01 -7.576215984e-02 -2.020804268e-01 -5.796486199e-02 7.773783150e-02 1.376729952e-01 -3.910755667e-03 3.634026319e-02 6.300261367e-01 -4.182039059e-01 5.697430950e-01 1.018961814e-01 -3.998038238e-02 -5.076352942e-02 6.454129656e-03 -5.506810255e-02 -4.501368477e-02 4.431673609e-02 2.518661612e-02 -5.546488470e-03 
5.113111111e-01 1.488413887e-01 -7.024076280e-02 -1.961670671e-01 -7.483388789e-02 5.663791026e-02 1.382616541e-01 -1.721691776e-02 5.241718600e-02 6.827108657e-01 -2.741712333e-01 5.529906705e-01 2.460548075e-01 -1.819146526e-02 -4.207827077e-02 2.895334108e-02 -6.146554096e-02 -5.978320087e-02 2.607631353e-02 2.164241310e-02 4.037234024e-03 
5.313111111e-01 1.529144658e-01 -6.374828618e-02 -1.887028900e-01 -9.187864824e-02 3.712540563e-02 1.410496333e-01 -3.027712332e-02 5.482655498e-02 7.170741743e-01 -1.187415715e-01 4.794487201e-01 3.863825049e-01 -4.487548682e-03 -3.704440122e-02 5.162204803e-02 -5.168334260e-02 -6.558093294e-02 1.457623132e-03 1.637757723e-02 1.153101301e-02 
5.513111111e-01 1.560125055e-01 -5.677586809e-02 -1.796387379e-01 -1.085790810e-01 1.767684276e-02 1.437090779e-01 -4.127315654e-02 5.010560562e-02 7.227082026e-01 4.406760962e-02 3.611965141e-01 5.025913180e-01 6.469548389e-03 -3.387402510e-02 6.788266199e-02 -3.102870482e-02 -6.090356341e-02 -2.435433834e-02 9.420957170e-03 1.680266144e-02 
5.713111111e-01 1.585473512e-01 -4.959578053e-02 -1.690259075e-01 -1.245006369e-01 -2.022633613e-03 1.445070842e-01 -5.020457661e-02 4.212829742e-02 6.934212710e-01 2.057131352e-01 2.127409083e-01 5.820971409e-01 1.632301158e-02 -2.944198988e-02 7.490832173e-02 -4.961601462e-03 -4.619495931e-02 -4.650567439e-02 1.082753342e-03 1.896909926e-02 
5.913111111e-01 1.606772299e-01 -4.229742579e-02 -1.569742685e-01 -1.394090459e-01 -2.170996210e-02 1.428164036e-01 -5.717980185e-02 3.236107520e-02 6.287328130e-01 3.571602403e-01 4.745194647e-02 6.181460890e-01 2.457740293e-02 -2.266880131e-02 7.186026514e-02 2.210493409e-02 -2.379659759e-02 -6.104901624e-02 -7.355341607e-03 1.742493134e-02 
6.113111111e-01 1.624499049e-01 -3.491060101e-02 -1.436010606e-01 -1.531564127e-01 -4.100946677e-02 1.384988041e-01 -6.215274680e-02 2.143368625e-02 5.314965579e-01 4.902131696e-01 -1.216294439e-01 6.079691695e-01 3.040226633e-02 -1.376408837e-02 5.924584312e-02 4.633003932e-02 2.576143639e-03 -6.546025767e-02 -1.426896300e-02 1.237370661e-02 
6.313111111e-01 1.638772418e-01 -2.745211701e-02 -1.290253785e-01 -1.656244832e-01 -5.954764848e-02 1.315936969e-01 -6.502477013e-02 9.777602024e-03 4.066568371e-01 5.978380448e-01 -2.816854799e-01 5.523486031e-01 3.317157392e-02 -3.502870244e-03 3.877850081e-02 6.444903243e-02 2.852440685e-02 -5.896975391e-02 -1.825715336e-02 4.804977945e-03 
6.513111111e-01 1.649607449e-01 -1.993704019e-02 -1.133715874e-01 -1.767093559e-01 -7.697128377e-02 1.222214364e-01 -6.572164476e-02 -2.205915106e-03 2.606825696e-01 6.744038046e-01 -4.207127862e-01 4.554559602e-01 3.258589213e-02 7.105195721e-03 1.317930385e-02 7.405365634e-02 4.971828048e-02 -4.264921514e-02 -1.850166500e-02 -3.743797563e-03 
6.713111111e-01 1.656994030e-01 -1.238064652e-02 -9.677120276e-02 -1.863189275e-01 -9.295149931e-02 1.105560997e-01 -6.422650920e-02 -1.411575444e-02 1.011585120e-01 7.159202786e-01 -5.283147389e-01 3.245362690e-01 2.869764810e-02 1.699089433e-02 -1.416361452e-02 7.387194485e-02 6.262181844e-02 -1.921726529e-02 -1.495085848e-02 -1.152290601e-02 
6.913111111e-01 1.660920100e-01 -4.798518301e-03 -7.936302634e-02 -1.943732176e-01 -1.071878384e-01 9.681631014e-02 -6.059094183e-02 -2.555508328e-02 -6.362376036e-02 7.202268196e-01 -5.964508450e-01 1.693719200e-01 2.189901518e-02 2.515269702e-02 -3.963523637e-02 6.392749718e-02 6.508248430e-02 7.419248425e-03 -8.332557620e-03 -1.693719303e-02 
7.113111111e-01 1.661378321e-01 2.793589816e-03 -6.129241978e-02 -2.008050935e-01 -1.194130028e-01 8.125986849e-02 -5.493652878e-02 -3.614289557e-02 -2.250992699e-01 6.870989151e-01 -6.200307153e-01 1.554795897e-03 1.287902195e-02 3.076281116e-02 -5.986889684e-02 4.553451549e-02 5.668967562e-02 3.281843657e-02 -4.538632116e-06 -1.887587629e-02 
7.313111111e-01 1.658367944e-01 1.037985353e-02 -4.271022535e-02 -2.055609043e-01 -1.293975597e-01 6.417868485e-02 -4.745176955e-02 -4.552650158e-02 -3.748750345e-01 6.182582767e-01 -5.972928041e-01 -1.663785511e-01 2.552540906e-03 3.325211183e-02 -7.219045871e-02 2.112378484e-02 3.884295074e-02 5.274459807e-02 8.324369262e-03 -1.694117222e-02 
7.513111111e-01 1.651895297e-01 1.794444306e-02 -2.377154413e-02 -2.086009662e-01 -1.369541524e-01 4.589327223e-02 -3.838605810e-02 -5.339329311e-02 -5.051662472e-01 5.172829478e-01 -5.299356821e-01 -3.218830399e-01 -8.032874932e-03 3.236805497e-02 -7.497150671e-02 -6.078621301e-03 1.451852385e-02 6.387471692e-02 1.494507949e-02 -1.153009026e-02 
7.713111111e-01 1.641973903e-01 2.547156802e-02 -4.634450578e-03 -2.098999082e-01 -1.419409899e-01 2.674673430e-02 -2.804144083e-02 -5.948118113e-02 -6.092008593e-01 3.894212345e-01 -4.229910898e-01 -4.533420971e-01 -1.780336668e-02 2.820032110e-02 -6.784449758e-02 -3.247769298e-02 -1.222710727e-02 6.435265903e-02 1.849900991e-02 -3.752999424e-03 
7.913111111e-01 1.628624475e-01 3.294551440e-02 1.454132492e-02 -2.094468895e-01 -1.442645006e-01 7.098330433e-03 -1.676256920e-02 -6.358733847e-02 -6.815715474e-01 2.413188980e-01 -2.844480465e-01 -5.509354119e-01 -2.576773856e-02 2.117171705e-02 -5.175131865e-02 -5.458458930e-02 -3.693366303e-02 5.409871884e-02 1.825688487e-02 4.794217998e-03 
8.113111111e-01 1.611874886e-01 4.035067866e-02 3.359572905e-02 -2.072456915e-01 -1.438810872e-01 -1.268326391e-02 -4.925220482e-03 -6.557496130e-02 -7.185167597e-01 8.067373029e-02 -1.246560506e-01 -6.073725284e-01 -3.111802014e-02 1.199528117e-02 -2.881880650e-02 -6.947771409e-02 -5.548091228e-02 3.482291214e-02 1.426838961e-02 1.235764660e-02 
8.313111111e-01 1.591760102e-01 4.767160073e-02 5.236972148e-02 -2.033146869e-01 -1.407979439e-01 -3.222687435e-02 7.076221373e-03 -6.537782834e-02 -7.181162256e-01 -8.416454870e-02 4.444805172e-02 -6.184374584e-01 -3.331143521e-02 1.601945933e-03 -2.077668263e-03 -7.518882667e-02 -6.477579092e-02 9.739802150e-03 7.351975953e-03 1.738524723e-02 
8.513111111e-01 1.568322119e-01 5.489299634e-02 7.070660234e-02 -1.976866866e-01 -1.350729217e-01 -5.116579201e-02 1.884190531e-02 -6.300250750e-02 -6.803907633e-01 -2.446282771e-01 2.102317778e-01 -5.833036249e-01 -3.212546581e-02 -8.953903776e-03 2.493804975e-02 -7.096315970e-02 -6.326822242e-02 -1.696758283e-02 -1.073086266e-03 1.884534048e-02 
8.713111111e-01 1.541609869e-01 6.199978902e-02 8.845332018e-02 -1.904086653e-01 -1.268134426e-01 -6.914465426e-02 2.997983500e-02 -5.852813717e-02 -6.073011976e-01 -3.923771656e-01 3.603106852e-01 -5.045956097e-01 -2.768042637e-02 -1.860139624e-02 4.865801342e-02 -5.735916745e-02 -5.120961904e-02 -4.084533942e-02 -9.277947809e-03 1.643831063e-02 
8.913111111e-01 1.511679122e-01 6.897714156e-02 1.054617494e-01 -1.815413701e-01 -1.161744845e-01 -8.582611257e-02 4.011892893e-02 -5.210378959e-02 -5.026464440e-01 -5.197317934e-01 4.834735191e-01 -3.881930905e-01 -2.042725806e-02 -2.636181090e-02 6.594744778e-02 -3.617472172e-02 -3.061095471e-02 -5.791145212e-02 -1.557894530e-02 1.065808778e-02 
9.113111111e-01 1.478592364e-01 7.581048699e-02 1.215899267e-01 -1.711588133e-01 -1.033556726e-01 -1.008971624e-01 4.892138371e-02 -4.394350422e-02 -3.718660554e-01 -6.200727551e-01 5.705197199e-01 -2.427916152e-01 -1.110178160e-02 -3.144786784e-02 7.452142161e-02 -1.020950934e-02 -4.907401409e-03 -6.531986104e-02 -1.868309426e-02 2.690791822e-03 
9.313111111e-01 1.442418673e-01 8.248555897e-02 1.367032358e-01 -1.593476544e-01 -8.859753428e-02 -1.140750164e-01 5.609392868e-02 -3.431915665e-02 -2.217574948e-01 -6.881847123e-01 6.149467274e-01 -7.925302309e-02 -6.500496024e-04 -3.334359581e-02 7.324681858e-02 1.710496793e-02 2.161454320e-02 -6.183509001e-02 -1.795341356e-02 -5.828663072e-03 
9.513111111e-01 1.403233571e-01 8.898842161e-02 1.506755314e-01 -1.462064769e-01 -7.217698559e-02 -1.251124102e-01 6.139759672e-02 -2.355140048e-02 -6.012282991e-02 -7.205274665e-01 6.134357374e-01 9.020596019e-02 9.867628745e-03 -3.185667668e-02 6.229208724e-02 4.215889263e-02 4.453190102e-02 -4.803828293e-02 -1.353963598e-02 -1.315205799e-02 
9.713111111e-01 1.361118866e-01 9.530549856e-02 1.633901915e-01 -1.318449657e-01 -5.440213547e-02 -1.338022425e-01 6.465568595e-02 -1.199898419e-02 1.046367892e-01 -7.154199655e-01 5.660996246e-01 2.529263416e-01 1.938425412e-02 -2.713795568e-02 4.310497927e-02 6.164119663e-02 6.002281910e-02 -2.623028825e-02 -6.347482548e-03 -1.777660927e-02 
9.913111111e-01 1.316162483e-01 1.014236013e-01 1.747410915e-01 -1.163829911e-01 -3.560650441e-02 -1.399814605e-01 6.575964688e-02 -4.679871121e-05 2.639577892e-01 -6.731276775e-01 4.764745101e-01 3.967525178e-01 2.693438219e-02 -1.966613847e-02 1.822121801e-02 7.297714419e-02 6.550392763e-02 -4.795404916e-05 2.147194254e-03 -1.875334447e-02 
1.011311111e+00 1.268458281e-01 1.073299568e-01 1.846334893e-01 -9.994960878e-02 -1.614276648e-02 -1.435341198e-01 6.467269892e-02 1.190694596e-02 4.095592753e-01 -5.958487936e-01 3.512556054e-01 5.109403281e-01 3.175206621e-02 -1.019922730e-02 -9.070616823e-03 7.466860298e-02 6.006116003e-02 2.614237729e-02 1.020126005e-02 -1.588183444e-02 
1.031311111e+00 1.218105853e-01 1.130122341e-01 1.929848166e-01 -8.268198243e-02 3.623868161e-03 -1.443935595e-01 6.143105584e-02 2.346398787e-02 5.338734404e-01 -4.875999737e-01 1.997970634e-01 5.869596687e-01 3.334856090e-02 3.023769082e-04 -3.516370014e-02 6.649203375e-02 4.460218888e-02 4.797302973e-02 1.616199522e-02 -9.751322082e-03 
1.051311111e+00 1.165210322e-01 1.184585699e-01 1.997253679e-01 -6.472423878e-02 2.332250593e-02 -1.425436535e-01 5.614271919e-02 3.423928197e-02 6.304389109e-01 -3.540075766e-01 3.341320086e-02 6.191317123e-01 3.156190479e-02 1.077330553e-02 -5.660963105e-02 4.952803279e-02 2.170505632e-02 6.180337664e-02 1.880623818e-02 -1.619807785e-03 
1.071311111e+00 1.109882123e-01 1.236575937e-01 2.047988821e-01 -4.622626479e-02 4.258352908e-02 -1.380191128e-01 4.898388007e-02 4.387382866e-02 6.942365839e-01 -2.020152229e-01 -1.354667080e-01 6.050531301e-01 2.657335088e-02 2.015130192e-02 -7.057416547e-02 2.601852280e-02 -4.811757604e-03 6.532697623e-02 1.759138197e-02 6.844096160e-03 
