# nmin = 1 nmax = 11 
#   t        realpha           imalpha
#
#
-4.886888889e-01 0.000000000e+00 0.000000000e+00 0.000000000e+00 0.000000000e+00 0.000000000e+00 0.000000000e+00 0.000000000e+00 0.000000000e+00 0.000000000e+00 0.000000000e+00 0.000000000e+00 0.000000000e+00 0.000000000e+00 0.000000000e+00 9.999873669e-01 5.026527079e-03 0.000000000e+00 0.000000000e+00 0.000000000e+00 0.000000000e+00 
-4.686888889e-01 0.000000000e+00 0.000000000e+00 0.000000000e+00 0.000000000e+00 0.000000000e+00 0.000000000e+00 0.000000000e+00 0.000000000e+00 0.000000000e+00 0.000000000e+00 0.000000000e+00 0.000000000e+00 0.000000000e+00 0.000000000e+00 8.738740617e-01 4.861523673e-01 0.000000000e+00 0.000000000e+00 0.000000000e+00 0.000000000e+00 
-4.486888889e-01 0.000000000e+00 0.000000000e+00 0.000000000e+00 0.000000000e+00 0.000000000e+00 0.000000000e+00 0.000000000e+00 0.000000000e+00 0.000000000e+00 0.000000000e+00 0.000000000e+00 0.000000000e+00 0.000000000e+00 0.000000000e+00 5.315759887e-01 8.470106069e-01 0.000000000e+00 0.000000000e+00 0.000000000e+00 0.000000000e+00 
-4.286888889e-01 -1.975238676e-19 -7.506432871e-19 2.909856102e-19 1.249484250e-18 -3.757166263e-19 -1.850558527e-18 4.665336129e-19 2.688697504e-18 -5.815206953e-19 -4.030083969e-18 7.669616010e-19 6.651145784e-18 -1.247221784e-18 -1.441534966e-17 5.777311792e-02 9.983297385e-01 4.807269749e-19 1.639949095e-17 -6.957767673e-21 -8.643489013e-18 
-4.086888889e-01 2.975089614e-19 -2.378047570e-18 -6.740675984e-19 3.928930460e-18 1.261461309e-18 -5.762442315e-18 -2.211336748e-18 8.271522256e-18 3.874555786e-18 -1.221940449e-17 -7.303525484e-18 1.982656906e-17 1.776061178e-17 -4.213863107e-17 -4.303220503e-01 9.026754306e-01 -2.443978021e-17 4.573028388e-17 1.394825987e-17 -2.344148578e-17 
-3.886888889e-01 4.597556976e-18 -6.606724427e-18 -8.196689170e-18 1.067041664e-17 1.292411084e-17 -1.525816559e-17 -1.987608159e-17 2.129025937e-17 3.136227603e-17 -3.047230666e-17 -5.420146945e-17 4.772555923e-17 1.223972668e-16 -9.750365949e-17 -8.119612925e-01 5.837112809e-01 -1.490106713e-16 9.633515119e-17 8.069450333e-17 -4.670058110e-17 
-3.686888889e-01 2.658724435e-17 -1.282092615e-17 -4.540568554e-17 1.944928334e-17 6.880029675e-17 -2.581870176e-17 -1.019538099e-16 3.293059548e-17 1.553580056e-16 -4.217918461e-17 -2.597739886e-16 5.734146656e-17 5.684368141e-16 -9.701170857e-17 -9.927321588e-01 1.203447588e-01 -6.521606493e-16 4.719346680e-17 3.433407876e-16 -8.249358428e-18 
-3.486888889e-01 1.109489224e-16 6.671428123e-18 -1.849397356e-16 -1.920548842e-17 2.735224972e-16 4.079387157e-17 -3.956199165e-16 -7.757068132e-17 5.883614854e-16 1.439780275e-16 -9.600224225e-16 -2.833363860e-16 2.049556858e-15 7.121107475e-16 -9.279143519e-01 -3.727934488e-01 -2.236661428e-15 -1.024798577e-15 1.147962518e-15 5.933405344e-16 
-3.286888889e-01 3.556556680e-16 2.255159331e-16 -5.779351152e-16 -4.023875733e-16 8.320498823e-16 6.357308356e-16 -1.169598446e-15 -9.804431953e-16 1.687399401e-15 1.552140094e-15 -2.665555952e-15 -2.691908812e-15 5.496769796e-15 6.100237494e-15 -6.335429314e-01 -7.737075378e-01 -5.551736947e-15 -7.474660998e-15 2.728195465e-15 4.059090885e-15 
-3.086888889e-01 7.691647484e-16 1.400259883e-15 -1.184052598e-15 -2.394337785e-15 1.601521775e-15 3.633923493e-15 -2.092770645e-15 -5.395720141e-15 2.768324882e-15 8.240719265e-15 -3.935817923e-15 -1.381376983e-14 7.116409834e-15 3.030829227e-14 -1.824414539e-01 -9.832167187e-01 -4.797162662e-15 -3.497352762e-14 1.655058078e-15 1.846922528e-14 
-2.886888889e-01 -3.168209261e-18 6.061317059e-15 4.415124795e-16 -1.012400783e-14 -1.319899206e-15 1.500708272e-14 2.907237191e-15 -2.176046325e-14 -5.861212509e-15 3.245085471e-14 1.216492521e-14 -5.310777482e-14 -3.173425098e-14 1.137450673e-13 3.137936019e-01 -9.494912192e-01 4.795762246e-14 -1.250174230e-13 -2.824316628e-14 6.441810417e-14 
-2.686888889e-01 -1.108931210e-14 2.014489519e-14 1.997233043e-14 -3.284931109e-14 -3.181734165e-14 4.747621026e-14 4.943692679e-14 -6.702447981e-14 -7.879428183e-14 9.716255383e-14 1.375008114e-13 -1.543100684e-13 -3.133706266e-13 3.201194820e-13 7.324003129e-01 -6.808742775e-01 3.878928880e-13 -3.279530550e-13 -2.116111020e-13 1.625346900e-13 
-2.486888889e-01 -7.368364978e-14 4.670330291e-14 1.264339676e-13 -7.270264761e-14 -1.925443116e-13 9.967913524e-14 2.868453411e-13 -1.324621114e-13 -4.395204283e-13 1.789974890e-13 7.391248460e-13 -2.616840734e-13 -1.626813091e-12 4.914772567e-13 9.698209714e-01 -2.438181360e-01 1.888865987e-12 -3.813385341e-13 -1.000523950e-12 1.535968092e-13 
-2.286888889e-01 -3.303117738e-13 2.059618310e-14 5.531931455e-13 -1.062079009e-14 -8.222740018e-13 -2.052372993e-14 1.195683400e-12 8.388703137e-14 -1.788285003e-12 -2.082167030e-13 2.935408696e-12 4.808939643e-13 -6.306413967e-12 -1.339315020e-12 9.673208785e-01 2.535553549e-01 6.976298764e-12 2.184372597e-12 -3.606869519e-12 -1.317939414e-12 
-2.086888889e-01 -1.135736772e-12 -5.352117761e-13 1.858456568e-12 9.757160795e-13 -2.696072838e-12 -1.571030689e-12 3.821635859e-12 2.464126145e-12 -5.564460465e-12 -3.960496986e-12 8.879623067e-12 6.963486857e-12 -1.851737469e-11 -1.597812221e-11 7.255185237e-01 6.882026385e-01 1.919992632e-11 2.001171728e-11 -9.582055516e-12 -1.097332996e-11 
-1.886888889e-01 -2.797502794e-12 -3.854954434e-12 4.395053128e-12 6.640227615e-12 -6.091632707e-12 -1.015014143e-11 8.201237521e-12 1.517625767e-11 -1.126032129e-11 -2.333602646e-11 1.679299291e-11 3.937804698e-11 -3.235761706e-11 -8.696051950e-11 3.042325792e-01 9.525977838e-01 2.725487434e-11 1.016172994e-10 -1.179974756e-11 -5.399220266e-11 
-1.686888889e-01 -2.254698894e-12 -1.792822762e-11 2.475219078e-12 3.010734125e-11 -1.700589484e-12 -4.487644951e-11 -4.720055164e-13 6.544089557e-11 5.215243400e-12 -9.815818606e-11 -1.614095391e-11 1.616001224e-10 5.136002700e-11 -3.482301779e-10 -1.923164408e-01 9.813329642e-01 -9.511056813e-11 3.876295806e-10 5.944958593e-11 -2.010579434e-10 
-1.486888889e-01 2.527031052e-11 -6.372161363e-11 -4.679592124e-11 1.046130867e-10 7.636333472e-11 -1.522960315e-10 -1.211698059e-10 2.166901511e-10 1.967328666e-10 -3.167872429e-10 -3.490018144e-10 5.077266800e-10 8.071722710e-10 -1.063795848e-09 -6.412889428e-01 7.672994799e-01 -1.024624145e-09 1.114816815e-09 5.650913700e-10 -5.597494876e-10 
-1.286888889e-01 2.004675113e-10 -1.656528239e-10 -3.467614110e-10 2.622526171e-10 5.322017986e-10 -3.667327836e-10 -7.988447288e-10 4.989167462e-10 1.232986601e-09 -6.935810986e-10 -2.088155470e-09 1.050054527e-09 4.627584322e-09 -2.061301532e-09 -9.316151279e-01 3.634463557e-01 -5.443731528e-09 1.833498552e-09 2.901604710e-09 -8.280718508e-10 
-1.086888889e-01 9.691867799e-10 -1.843218685e-10 -1.632075682e-09 2.380911227e-10 2.439506084e-09 -2.465133728e-10 -3.567519369e-09 1.986277216e-10 5.366558853e-09 -5.232959483e-11 -8.860991748e-09 -3.255223558e-10 1.915127872e-08 1.604810321e-09 -9.914721771e-01 -1.303185407e-01 -2.144815642e-08 -3.853723850e-09 1.115953704e-08 2.550155859e-09 
-8.868888889e-02 3.558849018e-09 1.158535710e-09 -5.860836820e-09 -2.191288696e-09 8.560463871e-09 3.638959925e-09 -1.222293262e-08 -5.859723484e-09 1.793631143e-08 9.634027211e-09 -2.886269166e-08 -1.727663498e-08 6.073383774e-08 4.033618061e-08 -8.060522577e-01 -5.918443696e-01 -6.425947451e-08 -5.201031167e-08 3.243824079e-08 2.887309222e-08 
-6.868888889e-02 9.713735760e-09 1.035564583e-08 -1.547902540e-08 -1.799608418e-08 2.180792255e-08 2.774261276e-08 -2.992479066e-08 -4.181892070e-08 4.202046276e-08 6.480810506e-08 -6.437654674e-08 -1.101844701e-07 1.281854995e-07 2.450919788e-07 -4.212257876e-01 -9.069558070e-01 -1.185704174e-07 -2.903451919e-07 5.506930937e-08 1.552705843e-07 
-4.868888889e-02 1.336638729e-08 5.217927477e-08 -1.856884639e-08 -8.811588855e-08 2.179585430e-08 1.320840532e-07 -2.305366221e-08 -1.937138637e-07 2.124938638e-08 2.922453603e-07 -1.263990400e-08 -4.839528450e-07 -2.179117928e-08 1.049057140e-06 6.780628187e-02 -9.976985056e-01 1.364609615e-07 -1.181925713e-06 -1.007009278e-07 6.168269850e-07 
-2.868888889e-02 -5.092698511e-08 1.978922310e-07 9.930930747e-08 -3.268672637e-07 -1.689372178e-07 4.789318262e-07 2.773897512e-07 -6.861113326e-07 -4.634628600e-07 1.010369355e-06 8.424459865e-07 -1.631941099e-06 -1.989681759e-06 3.447625299e-06 5.400638940e-01 -8.416240196e-01 2.613727381e-06 -3.679773482e-06 -1.462071127e-06 1.866518145e-06 
-8.688888889e-03 -5.309450099e-07 5.647838901e-07 9.274855505e-07 -9.051151147e-07 -1.436849142e-06 1.283374099e-06 2.175999264e-06 -1.773895109e-06 -3.387140945e-06 2.511758863e-06 5.782899288e-06 -3.885412878e-06 -1.291469341e-05 7.824543741e-06 8.787167937e-01 -4.773434779e-01 1.541366490e-05 -7.455888063e-06 -8.271326573e-06 3.532765839e-06 
1.131111111e-02 -2.796814844e-06 9.071884948e-07 4.736757223e-06 -1.313857050e-06 -7.121007383e-06 1.640415648e-06 1.047414453e-05 -1.920215511e-06 -1.584799824e-05 2.159662530e-06 2.632081960e-05 -2.347715633e-06 -5.722145349e-05 2.408853030e-06 9.999873766e-01 5.023638143e-03 6.485736280e-05 3.383329526e-06 -3.394630274e-05 -3.371808814e-06 
3.131111111e-02 -1.094961220e-05 -2.092670133e-06 1.813794313e-05 4.284143895e-06 -2.665591157e-05 -7.553411994e-06 3.830698001e-05 1.274759983e-05 -5.659659030e-05 -2.176613312e-05 9.172859375e-05 4.026641188e-05 -1.944707443e-04 -9.648490245e-05 8.738793269e-01 4.861427591e-01 2.092992929e-04 1.297034215e-04 -1.065981446e-04 -7.319016982e-05 
5.131111111e-02 -3.251952485e-05 -2.688896951e-05 5.237431144e-05 4.725785513e-05 -7.467059269e-05 -7.362594930e-05 1.038429348e-04 1.120865914e-04 -1.480471513e-04 -1.753199672e-04 2.307836927e-04 3.006530249e-04 -4.687524707e-04 -6.739953275e-04 5.316106164e-01 8.469876927e-01 4.576563586e-04 8.118231003e-04 -2.198823245e-04 -4.367546501e-04 
7.131111111e-02 -5.879982431e-05 -1.474451495e-04 8.748641939e-05 2.505229734e-04 -1.133088167e-04 -3.777731986e-04 1.398445755e-04 5.572366198e-04 -1.709849174e-04 -8.452871735e-04 2.165024700e-04 1.406806992e-03 -3.238581726e-04 -3.060746266e-03 5.792876424e-02 9.983065902e-01 3.701773298e-05 3.504391587e-03 6.688965085e-05 -1.831737250e-03 
9.131111111e-02 6.702046894e-05 -5.800384229e-04 -1.551210351e-04 9.634858714e-04 2.955853331e-04 -1.419182835e-03 -5.260204764e-04 2.042897281e-03 9.326267950e-04 -3.020731994e-03 -1.771850163e-03 4.892392071e-03 4.311530788e-03 -1.031764617e-02 -4.297137368e-01 9.027566036e-01 -6.087647355e-03 1.134486185e-02 3.422389219e-03 -5.708772846e-03 
1.113111111e-01 1.110800042e-03 -1.658387634e-03 -1.986964767e-03 2.677072832e-03 3.139131360e-03 -3.818605293e-03 -4.827179114e-03 5.301494425e-03 7.591513452e-03 -7.523223294e-03 -1.300177197e-02 1.161411060e-02 2.862976422e-02 -2.301594182e-02 -8.090307266e-01 5.841667975e-01 -3.680410062e-02 2.381746971e-02 1.887680118e-02 -1.093862858e-02 
1.313111111e-01 4.844147163e-03 -2.993319107e-03 -8.357420810e-03 4.510975695e-03 1.271347905e-02 -5.906084902e-03 -1.877387089e-02 7.361974966e-03 2.822932761e-02 -9.099647603e-03 -4.584526642e-02 1.169276024e-02 9.341678203e-02 -1.776823503e-02 -9.763640123e-01 1.249353679e-01 -1.236425835e-01 8.520929706e-03 5.593860490e-02 -8.641396441e-04 
1.513111111e-01 1.209521293e-02 -2.472304280e-03 -2.039267207e-02 2.515635320e-03 3.007196867e-02 -1.258204240e-03 -4.264650507e-02 -1.725076677e-03 6.086712610e-02 7.537882289e-03 -9.221035939e-02 -1.923541796e-02 1.684017305e-01 4.964140945e-02 -8.733725403e-01 -3.334664977e-01 -2.401526179e-01 -1.122721285e-01 8.792844335e-02 4.776752613e-02 
1.713111111e-01 2.077023432e-02 1.545683365e-03 -3.400381453e-02 -6.312578391e-03 4.797911278e-02 1.460982213e-02 -6.401761267e-02 -2.775990227e-02 8.423513606e-02 4.856306791e-02 -1.144518586e-01 -8.442239695e-02 1.781466644e-01 1.642757797e-01 -5.512869590e-01 -6.253840167e-01 -2.593079033e-01 -3.554014439e-01 6.815671307e-02 1.077385478e-01 
1.913111111e-01 2.848219973e-02 8.446611949e-03 -4.456802261e-02 -2.074972436e-02 5.861526919e-02 3.896902025e-02 -7.066404674e-02 -6.446134014e-02 8.060894758e-02 9.997911693e-02 -8.940361531e-02 -1.532466186e-01 1.024658755e-01 2.543111205e-01 -1.689623359e-01 -6.670313556e-01 -8.144335241e-02 -6.069028608e-01 8.727760671e-03 1.199980914e-01 
2.113111111e-01 3.447686228e-02 1.683333443e-02 -5.042162712e-02 -3.791859261e-02 5.927901085e-02 6.611892362e-02 -5.959781004e-02 -1.008943117e-01 4.963532262e-02 1.419979605e-01 -2.747363566e-02 -1.922578348e-01 -1.217008790e-02 2.685795987e-01 1.113601470e-01 -5.033394629e-01 2.636908990e-01 -7.099645384e-01 -2.567879530e-02 6.956351377e-02 
2.313111111e-01 3.909677817e-02 2.589616092e-02 -5.202883910e-02 -5.581259238e-02 5.117943111e-02 9.167754295e-02 -3.494496052e-02 -1.288727892e-01 3.201538650e-03 1.620924115e-01 4.256093037e-02 -1.877414698e-01 -1.030170345e-01 2.086613420e-01 2.093931253e-01 -2.604689834e-01 6.380022603e-01 -5.763418677e-01 1.623462857e-02 6.713804030e-03 
2.513111111e-01 4.277390564e-02 3.561713245e-02 -5.023994608e-02 -7.379716008e-02 3.663735872e-02 1.136740101e-01 -3.093323213e-03 -1.451232263e-01 -4.408705968e-02 1.584262422e-01 9.366716896e-02 -1.480335182e-01 -1.321414070e-01 1.150291628e-01 1.459500351e-01 -6.697046803e-02 8.801176020e-01 -2.367624691e-01 1.242291220e-01 8.695194944e-03 
2.713111111e-01 4.547128790e-02 4.629256022e-02 -4.526857596e-02 -9.187786995e-02 1.729314412e-02 1.315980553e-01 3.071549199e-02 -1.499306930e-01 -8.166675662e-02 1.367651115e-01 1.126987128e-01 -9.368800950e-02 -1.001388241e-01 3.608670598e-02 7.941415176e-03 6.334410895e-03 8.916450509e-01 1.811340279e-01 2.266719236e-01 1.219274118e-01 
2.913111111e-01 4.673577748e-02 5.796542028e-02 -3.671226482e-02 -1.097555328e-01 -6.091204394e-03 1.449838871e-01 6.325977732e-02 -1.447436083e-01 -1.049929505e-01 1.052786837e-01 1.017745641e-01 -4.503102049e-02 -3.580675330e-02 2.200249724e-03 -1.090829154e-01 -3.617474323e-02 6.803947804e-01 5.223630169e-01 2.326452472e-01 3.248744828e-01 
3.113111111e-01 4.613374812e-02 7.019427376e-02 -2.424808716e-02 -1.264248416e-01 -3.274925459e-02 1.527353925e-01 9.235343016e-02 -1.307105527e-01 -1.138136339e-01 7.083338193e-02 7.209843980e-02 -1.422177702e-02 2.526371651e-02 1.630352450e-02 -1.475443068e-01 -1.374338736e-01 3.459580318e-01 6.789185258e-01 8.683841621e-02 5.326714502e-01 
3.313111111e-01 4.367233523e-02 8.226904203e-02 -8.321768013e-03 -1.405295234e-01 -6.098078655e-02 1.535654080e-01 1.155593538e-01 -1.088469455e-01 -1.094051274e-01 3.819321383e-02 3.609208142e-02 -4.185058752e-03 5.898384560e-02 6.075174446e-02 -1.041931978e-01 -2.290870164e-01 2.398574938e-02 6.317911199e-01 -1.951137361e-01 6.381552399e-01 
3.513111111e-01 3.989437749e-02 9.367896854e-02 9.714719894e-03 -1.511505719e-01 -8.801871958e-02 1.470800731e-01 1.299104633e-01 -8.121048275e-02 -9.309116392e-02 1.128116656e-02 2.585695343e-03 -1.233316364e-02 5.969629145e-02 1.120070829e-01 -1.635657156e-02 -2.671320864e-01 -1.776510802e-01 4.461697456e-01 -5.286233090e-01 5.649571529e-01 
3.713111111e-01 3.558163210e-02 1.045040865e-01 2.813608350e-02 -1.584613942e-01 -1.108798496e-01 1.346508421e-01 1.329623586e-01 -5.184090284e-02 -6.676934979e-02 -5.444161886e-03 -2.348857465e-02 -3.506008985e-02 3.574181211e-02 1.532973826e-01 6.751036252e-02 -2.463937437e-01 -2.201676330e-01 2.300725274e-01 -7.959723214e-01 3.050601131e-01 
3.913111111e-01 3.124284888e-02 1.154746750e-01 4.574134986e-02 -1.638055730e-01 -1.277272840e-01 1.194015467e-01 1.245014904e-01 -2.648584415e-02 -3.454552659e-02 -7.070049110e-03 -3.854260604e-02 -6.984522744e-02 -5.240455576e-04 1.793397325e-01 1.149116388e-01 -1.924184564e-01 -1.382283815e-01 8.133877336e-02 -8.964384554e-01 -7.586441568e-02 
4.113111111e-01 2.667479035e-02 1.276414094e-01 6.261210743e-02 -1.691002089e-01 -1.389686445e-01 1.051802756e-01 1.077829679e-01 -1.095152981e-02 -3.847475072e-03 9.919542013e-03 -3.785807371e-02 -1.141857606e-01 -4.124757782e-02 1.930080665e-01 1.217374096e-01 -1.403259525e-01 -1.219603066e-02 4.813628700e-02 -7.870366536e-01 -4.650558732e-01 
4.313111111e-01 2.083703615e-02 1.417874428e-01 8.030945196e-02 -1.758081895e-01 -1.474576451e-01 9.492202956e-02 8.941272251e-02 -8.715888624e-03 1.524619927e-02 4.493840944e-02 -1.544765623e-02 -1.627826100e-01 -8.577275564e-02 1.980508923e-01 1.076500509e-01 -1.137852843e-01 7.401705221e-02 1.172120461e-01 -4.973915617e-01 -7.469715240e-01 
4.513111111e-01 1.215626507e-02 1.577686172e-01 1.013156998e-01 -1.838520657e-01 -1.575636148e-01 8.902488668e-02 7.762002249e-02 -1.874198506e-02 1.276970280e-02 9.111600953e-02 3.320672904e-02 -2.052754566e-01 -1.372544674e-01 1.929624650e-01 1.004194810e-01 -1.138814342e-01 6.945669775e-02 2.294985971e-01 -1.151410476e-01 -8.458334129e-01 
4.713111111e-01 -6.264059810e-04 1.738529306e-01 1.275756887e-01 -1.907220453e-01 -1.730671813e-01 8.420215125e-02 7.901551415e-02 -3.415338490e-02 -1.653495372e-02 1.346908461e-01 1.062947199e-01 -2.264066262e-01 -1.958603902e-01 1.694125186e-01 1.183726700e-01 -1.207866084e-01 -2.626064835e-02 3.119985165e-01 2.506076363e-01 -7.507436206e-01 
4.913111111e-01 -1.675675617e-02 1.863729409e-01 1.577647649e-01 -1.914052290e-01 -1.935734852e-01 7.369584344e-02 9.357609703e-02 -4.299476963e-02 -6.695934986e-02 1.578317335e-01 1.901292447e-01 -2.108530710e-01 -2.521452207e-01 1.170509814e-01 1.582338409e-01 -1.065362846e-01 -1.681798846e-01 3.129448104e-01 5.153534261e-01 -5.139162381e-01 
5.113111111e-01 -3.236666863e-02 1.920215993e-01 1.856963758e-01 -1.820637679e-01 -2.120963281e-01 5.237611078e-02 1.112983156e-01 -3.608825012e-02 -1.198876786e-01 1.503377604e-01 2.605617666e-01 -1.558605560e-01 -2.875069637e-01 3.578502518e-02 1.960543940e-01 -5.705051801e-02 -2.948703559e-01 2.274881559e-01 6.503450153e-01 -2.125875061e-01 
5.313111111e-01 -4.462786464e-02 1.921875451e-01 2.069055871e-01 -1.652697118e-01 -2.224257840e-01 2.337261275e-02 1.221065500e-01 -1.715107289e-02 -1.599478088e-01 1.202829540e-01 3.016748892e-01 -7.689218584e-02 -2.889385428e-01 -5.837690740e-02 2.089495037e-01 1.517879889e-02 -3.667509699e-01 8.862236518e-02 6.580027655e-01 9.867823570e-02 
5.513111111e-01 -5.451054081e-02 1.901782083e-01 2.228306209e-01 -1.454169192e-01 -2.251439365e-01 -7.816743543e-03 1.251297773e-01 5.684348962e-03 -1.857637210e-01 7.993748509e-02 3.134171967e-01 9.832567866e-03 -2.569219248e-01 -1.479902973e-01 1.911691447e-01 8.972183405e-02 -3.724498628e-01 -6.728974325e-02 5.408251924e-01 3.774508061e-01 
5.713111111e-01 -6.343941621e-02 1.874572707e-01 2.355972149e-01 -1.242430345e-01 -2.223337524e-01 -3.886141792e-02 1.224560704e-01 2.868074544e-02 -1.996272125e-01 3.518461331e-02 2.993686773e-01 9.523010173e-02 -1.973576341e-01 -2.219812208e-01 1.466218690e-01 1.526728598e-01 -3.143490180e-01 -2.113057114e-01 3.173302002e-01 5.763920960e-01 
5.913111111e-01 -7.200355399e-02 1.843330138e-01 2.460423713e-01 -1.021271293e-01 -2.149999100e-01 -6.901505995e-02 1.152749119e-01 5.060617610e-02 -2.024908570e-01 -1.116906124e-02 2.623838392e-01 1.730165372e-01 -1.174487160e-01 -2.729945820e-01 8.229939174e-02 1.951839982e-01 -2.035053075e-01 -3.195474988e-01 3.017833846e-02 6.568983664e-01 
6.113111111e-01 -8.036207687e-02 1.808391300e-01 2.543514616e-01 -7.921434949e-02 -2.035557589e-01 -9.779150328e-02 1.041591991e-01 7.076285806e-02 -1.946965278e-01 -5.681014439e-02 2.057027984e-01 2.376722960e-01 -2.559622781e-02 -2.961296749e-01 7.042943805e-03 2.117524571e-01 -5.872029914e-02 -3.742920686e-01 -2.627892367e-01 6.027016630e-01 
6.313111111e-01 -8.854115636e-02 1.769755496e-01 2.605210907e-01 -5.566132514e-02 -1.882797165e-01 -1.247034271e-01 8.955802324e-02 8.852954138e-02 -1.767622768e-01 -9.944952845e-02 1.336518701e-01 2.845068564e-01 6.883878171e-02 -2.891662102e-01 -6.913770425e-02 2.002851810e-01 9.582955661e-02 -3.665578222e-01 -5.017490134e-01 4.248854981e-01 
6.513111111e-01 -9.653324431e-02 1.727452024e-01 2.645136021e-01 -3.165027291e-02 -1.694700646e-01 -1.492664603e-01 7.197227822e-02 1.033365526e-01 -1.496401401e-01 -1.369050639e-01 5.162257208e-02 3.100698330e-01 1.562800737e-01 -2.528529472e-01 -1.361727201e-01 1.623352089e-01 2.343832588e-01 -2.976810285e-01 -6.377338587e-01 1.599025429e-01 
6.713111111e-01 -1.043234800e-01 1.681549868e-01 2.662980803e-01 -7.376873365e-03 -1.474810102e-01 -1.710262812e-01 5.198933998e-02 1.146979666e-01 -1.147415193e-01 -1.672408960e-01 -3.425982970e-02 3.124655613e-01 2.278628137e-01 -1.908853150e-01 -1.852075397e-01 1.029287352e-01 3.338441427e-01 -1.791592507e-01 -6.428522878e-01 -1.378866038e-01 
6.913111111e-01 -1.118958879e-01 1.632139029e-01 2.658599114e-01 1.695763450e-02 -1.227249644e-01 -1.895764366e-01 3.027467974e-02 1.222373460e-01 -7.387972441e-02 -1.888832935e-01 -1.175817187e-01 2.915185387e-01 2.763278840e-01 -1.095523604e-01 -2.097644257e-01 2.991917788e-02 3.776293152e-01 -3.075985538e-02 -5.160556861e-01 -4.073793668e-01 
7.113111111e-01 -1.192346886e-01 1.579321137e-01 2.632027390e-01 4.115049436e-02 -9.566626252e-02 -2.045693215e-01 7.551510967e-03 1.257040198e-01 -2.917818114e-02 -2.007080900e-01 -1.921195878e-01 2.487942784e-01 2.967595960e-01 -1.710556193e-02 -2.065989607e-01 -4.704434866e-02 3.584380908e-01 1.227690305e-01 -2.833630629e-01 -5.932762502e-01 
7.313111111e-01 -1.263245593e-01 1.523206107e-01 2.583487192e-01 6.499986200e-02 -6.681254933e-02 -2.157237205e-01 -1.542320424e-02 1.249826008e-01 1.703986003e-02 -2.021008259e-01 -2.523055571e-01 1.874844957e-01 2.870854900e-01 7.707651496e-02 -1.761297733e-01 -1.177905427e-01 2.794712450e-01 2.558240239e-01 7.476461863e-03 -6.574309219e-01 
7.513111111e-01 -1.331506963e-01 1.463911017e-01 2.513383578e-01 8.830669397e-02 -3.670520035e-02 -2.228303577e-01 -3.788405303e-02 1.200971446e-01 6.237221521e-02 -1.929891356e-01 -2.936436699e-01 1.121691819e-01 2.482870638e-01 1.634392977e-01 -1.223836715e-01 -1.729697889e-01 1.538978859e-01 3.462160464e-01 2.967817658e-01 -5.866786970e-01 
7.713111111e-01 -1.396988479e-01 1.401559648e-01 2.422301649e-01 1.108764603e-01 -5.909131357e-03 -2.257558905e-01 -5.908271870e-02 1.112104217e-01 1.044626971e-01 -1.738466115e-01 -3.130458900e-01 2.847456577e-02 1.843003641e-01 2.332214537e-01 -5.246362878e-02 -2.052897442e-01 2.659481182e-03 3.788707402e-01 5.251865116e-01 -3.955381612e-01 
7.913111111e-01 -1.459553430e-01 1.336282172e-01 2.311001626e-01 1.325207797e-01 2.499781377e-02 -2.244454259e-01 -7.831292946e-02 9.861851048e-02 1.411236075e-01 -1.456682077e-01 -3.090628294e-01 -5.734716715e-02 1.016167278e-01 2.793437155e-01 2.438988392e-02 -2.104790848e-01 -1.490224349e-01 3.483423957e-01 6.458213333e-01 -1.232319528e-01 
8.113111111e-01 -1.519071197e-01 1.268214871e-01 2.180412489e-01 1.530589951e-01 5.543570932e-02 -2.189235530e-01 -9.493399448e-02 8.274093435e-02 1.704494536e-01 -1.099185293e-01 -2.819920330e-01 -1.388849285e-01 8.624259703e-03 2.971270653e-01 9.802008621e-02 -1.878520010e-01 -2.758523655e-01 2.597221270e-01 6.339315875e-01 1.743618392e-01 
8.313111111e-01 -1.575417520e-01 1.197499852e-01 2.031624220e-01 1.723196811e-01 8.483343033e-02 -2.092938819e-01 -1.083921512e-01 6.410668518e-02 1.909159906e-01 -6.845570711e-02 -2.338557546e-01 -2.100476519e-01 -8.524312376e-02 2.847674150e-01 1.586961829e-01 -1.403988359e-01 -3.566792976e-01 1.277888471e-01 4.919570878e-01 4.361760337e-01 
8.513111111e-01 -1.628474764e-01 1.124284752e-01 1.865878702e-01 1.901420756e-01 1.126393692e-01 -1.957371003e-01 -1.182390153e-01 4.333659872e-02 2.014594464e-01 -2.343481979e-02 -1.682498897e-01 -2.655193113e-01 -1.704627474e-01 2.435186288e-01 1.983993630e-01 -7.439088886e-02 -3.780239878e-01 -2.545536146e-02 2.490314476e-01 6.084855354e-01 
8.713111111e-01 -1.678132157e-01 1.048722425e-01 1.684559353e-01 2.063774213e-01 1.383317859e-01 -1.785075823e-01 -1.241465196e-01 2.112267028e-02 2.015318125e-01 2.280411962e-02 -9.007535391e-02 -3.011560404e-01 -2.383892356e-01 1.775653208e-01 2.118825471e-01 1.448384153e-03 -3.363268519e-01 -1.744544625e-01 -4.499622822e-02 6.559318929e-01 
8.913111111e-01 -1.724286027e-01 9.709706259e-02 1.489179583e-01 2.208902077e-01 1.614285976e-01 -1.579286161e-01 -1.259178442e-01 -1.795000471e-03 1.911293276e-01 6.785778832e-02 -5.171972853e-03 -3.142956900e-01 -2.821315697e-01 9.359833425e-02 1.973638291e-01 7.709624210e-02 -2.385415850e-01 -2.943603625e-01 -3.297905366e-01 5.687789646e-01 
9.113111111e-01 -1.766840017e-01 8.911916818e-02 1.281370158e-01 2.335593016e-01 1.814964248e-01 -1.343863375e-01 -1.234939742e-01 -2.465286734e-02 1.707926731e-01 1.093844693e-01 8.011776699e-02 -3.039566967e-01 -2.972521696e-01 1.359670346e-04 1.567619689e-01 1.425552409e-01 -1.009755169e-01 -3.651767459e-01 -5.469107905e-01 3.649108054e-01 
9.313111111e-01 -1.805705284e-01 8.095521511e-02 1.062865588e-01 2.442789586e-01 1.981587222e-01 -1.083224849e-01 -1.169556653e-01 -4.668937660e-02 1.415788702e-01 1.452257650e-01 1.594225172e-01 -2.709114081e-01 -2.822170779e-01 -9.334019379e-02 9.544281327e-02 1.891744724e-01 5.342990847e-02 -3.750937958e-01 -6.518032314e-01 8.616180210e-02 
9.513111111e-01 -1.840800688e-01 7.262224768e-02 8.354896554e-02 2.529597054e-01 2.111028448e-01 -8.022611057e-02 -1.065207538e-01 -6.717033964e-02 1.050063404e-01 1.735187822e-01 2.268180225e-01 -2.176283867e-01 -2.385515772e-01 -1.773471618e-01 2.151015860e-02 2.107928478e-01 1.989250025e-01 -3.224576781e-01 -6.229436009e-01 -2.102678737e-01 
9.713111111e-01 -1.872052958e-01 6.413766305e-02 6.011401856e-02 2.595290869e-01 2.200859142e-01 -5.062440404e-02 -9.253689898e-02 -8.541339386e-02 6.297598365e-02 1.927929583e-01 2.772696768e-01 -1.480880021e-01 -1.706854533e-01 -2.433625831e-01 -5.526522836e-02 2.045533332e-01 3.112460233e-01 -2.160463463e-01 -4.662539858e-01 -4.635499211e-01 
9.913111111e-01 -1.899396847e-01 5.551917494e-02 3.617732111e-02 2.639322709e-01 2.249393754e-01 -2.007280049e-02 -7.546999969e-02 -1.008107369e-01 1.767237671e-02 2.020464956e-01 3.070086203e-01 -6.748508814e-02 -8.550360075e-02 -2.846893133e-01 -1.247368919e-01 1.712805283e-01 3.716615611e-01 -7.360567078e-02 -2.138875876e-01 -6.217100679e-01 
1.011311111e+00 -1.922775267e-01 4.678477659e-02 1.193866435e-02 2.661325055e-01 2.255721599e-01 1.085544143e-02 -5.588867246e-02 -1.128493767e-01 -2.854977261e-02 2.007984307e-01 3.138132825e-01 1.815912403e-02 8.352436467e-03 -2.971348307e-01 -1.777236195e-01 1.153716893e-01 3.700963139e-01 8.110998216e-02 8.236921582e-02 -6.522933550e-01 
1.031311111e+00 -1.942139411e-01 3.795270327e-02 -1.239964023e-02 2.661114261e-01 2.219723943e-01 4.157999599e-02 -3.444530682e-02 -1.211282228e-01 -7.328801422e-02 1.891136332e-01 2.971753388e-01 1.024468060e-01 1.013611342e-01 -2.794365604e-01 -2.072228089e-01 4.421559743e-02 3.068113129e-01 2.222991882e-01 3.617235973e-01 -5.490239957e-01 
1.051311111e+00 -1.957448850e-01 2.904139414e-02 -3.663444939e-02 2.638692087e-01 2.142076234e-01 7.152435936e-02 -1.185432964e-02 -1.253714497e-01 -1.142170258e-01 1.675994341e-01 2.583376836e-01 1.790814655e-01 1.840869294e-01 -2.333899596e-01 -2.093359164e-01 -3.278392439e-02 1.923603910e-01 3.264162845e-01 5.668511598e-01 -3.330931871e-01 
1.071311111e+00 -1.968671624e-01 2.006945380e-02 -6.056348375e-02 2.594245683e-01 2.024235423e-01 1.001266669e-01 1.113159728e-02 -1.254376860e-01 -1.492094743e-01 1.373740590e-01 2.002015829e-01 2.423383095e-01 2.481374406e-01 -1.636663722e-01 -1.837836786e-01 -1.054507994e-01 4.583015475e-02 3.760980028e-01 6.556590829e-01 -4.881060976e-02 
