# nmin = 1 nmax = 11 
#   t        rebeta             imbeta
#
#
-4.886888889e-01 0.000000000e+00 0.000000000e+00 5.551115123e-17 -3.252606517e-19 0.000000000e+00 0.000000000e+00 0.000000000e+00 0.000000000e+00 0.000000000e+00 0.000000000e+00 0.000000000e+00 0.000000000e+00 0.000000000e+00 0.000000000e+00 0.000000000e+00 0.000000000e+00 0.000000000e+00 0.000000000e+00 0.000000000e+00 0.000000000e+00 
-4.686888889e-01 0.000000000e+00 0.000000000e+00 2.775557562e-16 -1.387778781e-17 0.000000000e+00 0.000000000e+00 0.000000000e+00 0.000000000e+00 0.000000000e+00 0.000000000e+00 0.000000000e+00 0.000000000e+00 0.000000000e+00 0.000000000e+00 0.000000000e+00 0.000000000e+00 0.000000000e+00 0.000000000e+00 0.000000000e+00 0.000000000e+00 
-4.486888889e-01 0.000000000e+00 0.000000000e+00 7.771561172e-16 5.551115123e-17 0.000000000e+00 0.000000000e+00 0.000000000e+00 0.000000000e+00 0.000000000e+00 0.000000000e+00 0.000000000e+00 0.000000000e+00 0.000000000e+00 0.000000000e+00 0.000000000e+00 0.000000000e+00 0.000000000e+00 0.000000000e+00 0.000000000e+00 0.000000000e+00 
-4.286888889e-01 -8.717503399e-19 2.627517844e-19 9.436895709e-16 1.110223025e-16 -9.180417737e-19 2.205261048e-19 8.877491625e-19 -1.866632893e-19 -8.539874748e-19 1.542941081e-19 8.207678366e-19 -1.242538074e-19 -7.892809763e-19 9.656959593e-20 7.597720403e-19 -7.105181450e-20 -7.321577328e-19 4.747057323e-20 7.062498673e-19 -2.560976840e-20 
-4.086888889e-01 -2.676437497e-18 1.026149967e-18 6.106226635e-16 1.110223025e-16 -2.838966794e-18 7.997024802e-19 2.745194422e-18 -6.397956151e-19 -2.634468036e-18 4.889840997e-19 2.520062408e-18 -3.506279515e-19 -2.406456241e-18 2.248800835e-19 2.295111100e-18 -1.110436675e-19 -2.186397229e-18 8.265251302e-21 2.080303555e-18 8.426007505e-20 
-3.886888889e-01 -8.664547442e-18 4.531369465e-18 7.771561172e-16 3.330669074e-16 -9.266789484e-18 3.753355463e-18 8.978808740e-18 -3.146862869e-18 -8.623199658e-18 2.573586964e-18 8.245627606e-18 -2.050751667e-18 -7.863118246e-18 1.580939008e-18 7.482740771e-18 -1.162423903e-18 -7.107861922e-18 7.922917217e-19 6.740456539e-18 -4.674140582e-19 
-3.686888889e-01 -2.948871114e-17 2.064402069e-17 7.771561172e-16 5.551115123e-17 -3.194298179e-17 1.815674704e-17 3.112220678e-17 -1.585508424e-17 -3.004411195e-17 1.365369818e-17 2.887037971e-17 -1.163728845e-17 -2.766499326e-17 9.822633086e-18 2.645743573e-17 -8.205179333e-18 -2.526386640e-17 6.773467319e-18 2.409491800e-17 -5.513908594e-18 
-3.486888889e-01 -1.001231169e-16 9.121571665e-17 9.992007222e-16 1.110223025e-16 -1.103334792e-16 8.334385089e-17 1.083357262e-16 -7.449260860e-17 -1.053570048e-16 6.589852572e-17 1.019630948e-16 -5.795166424e-17 -9.838698845e-17 5.074011152e-17 9.474187030e-17 -4.425441190e-17 -9.109276015e-17 3.845203963e-17 8.748301617e-17 -3.327958449e-17 
-3.286888889e-01 -3.323134805e-16 3.903722982e-16 9.992007222e-16 5.551115123e-17 -3.742881514e-16 3.660922769e-16 3.710328888e-16 -3.321098820e-16 -3.640271525e-16 2.986129938e-16 3.552075847e-16 -2.673249853e-16 -3.454025112e-16 2.386752363e-16 3.350331903e-16 -2.126695583e-16 -3.243517391e-16 1.891680244e-16 3.135303866e-16 -1.679825317e-16 
-3.086888889e-01 -1.063965435e-15 1.626847069e-15 1.554312234e-15 -1.165734176e-15 -1.233338628e-15 1.556098909e-15 1.237381264e-15 -1.426991450e-15 -1.227170435e-15 1.297875344e-15 1.209155288e-15 -1.176134308e-15 -1.186225690e-15 1.063759232e-15 1.159935579e-15 -9.609592825e-16 -1.131267227e-15 8.673232742e-16 1.100923493e-15 -7.822313989e-16 
-2.886888889e-01 -3.229814961e-15 6.628641225e-15 4.107825191e-15 -6.106226635e-15 -3.900880502e-15 6.443740976e-15 3.977735405e-15 -5.960105282e-15 -4.001061127e-15 5.469550075e-15 3.991574146e-15 -5.002901388e-15 -3.959152560e-15 4.569010090e-15 3.909489258e-15 -4.169403784e-15 -3.846422292e-15 3.803023800e-15 3.772846996e-15 -3.467913328e-15 
-2.686888889e-01 -9.003250823e-15 2.648389153e-14 1.103284131e-14 -2.675637489e-14 -1.161696026e-14 2.610803855e-14 1.213656055e-14 -2.432466873e-14 -1.245809509e-14 2.248961812e-14 1.264479325e-14 -2.072872935e-14 -1.272953634e-14 1.908001627e-14 1.273294267e-14 -1.755197533e-14 -1.266990068e-14 1.614251916e-14 1.255221261e-14 -1.484575338e-14 
-2.486888889e-01 -2.129237972e-14 1.039593669e-13 2.762373663e-14 -1.082467449e-13 -3.130866419e-14 1.037886218e-13 3.411276895e-14 -9.732384377e-14 -3.619606363e-14 9.057010220e-14 3.773655693e-14 -8.403109466e-14 -3.883980673e-14 7.786558303e-14 3.957928691e-14 -7.211545503e-14 -4.001199635e-14 6.678007136e-14 4.018519831e-14 -6.184299787e-14 
-2.286888889e-01 -3.070814218e-14 4.014011490e-13 5.185435414e-14 -4.202749260e-13 -6.848855834e-14 4.055222026e-13 8.211698691e-14 -3.825238936e-13 -9.316988213e-14 3.580949055e-13 1.020775394e-13 -3.342157134e-13 -1.091616231e-13 3.115341802e-13 1.146786990e-13 -2.902430851e-13 -1.188436529e-13 2.703673174e-13 1.218423360e-13 -2.518676352e-13 
-2.086888889e-01 7.527867850e-14 1.525375676e-12 -5.467848396e-15 -1.607436406e-12 -6.495867046e-14 1.558851152e-12 1.271885426e-13 -1.478771252e-12 -1.804049099e-13 1.392081587e-12 2.252854001e-13 -1.306440898e-12 -2.627325141e-13 1.224440764e-12 2.936202751e-13 -1.146929015e-12 -3.187458107e-13 1.074101704e-12 3.388275500e-13 -1.005899560e-12 
-1.886888889e-01 1.008606102e-12 5.705345043e-12 -7.853440120e-13 -6.047384815e-12 4.967031046e-13 5.898018825e-12 -2.244085582e-13 -5.626206376e-12 -1.710391474e-14 5.325230222e-12 2.267429596e-13 -5.024238428e-12 -4.066730963e-13 4.733414518e-12 5.597809939e-13 -4.456365404e-12 -6.889739662e-13 4.194208119e-12 7.969845327e-13 -3.947061061e-12 
-1.686888889e-01 6.508881772e-12 2.099394843e-11 -5.831252148e-12 -2.238936814e-11 4.673815061e-12 2.196252225e-11 -3.519725211e-12 -2.106895553e-11 2.467625359e-12 2.005098727e-11 -1.535482433e-12 -1.901780509e-11 7.199916039e-13 1.800876689e-11 -1.200277638e-14 -1.703882100e-11 -5.988958074e-13 1.611355396e-11 1.122932689e-12 -1.523471026e-11 
-1.486888889e-01 3.447987746e-11 7.592125490e-11 -3.259337245e-11 -8.149969588e-11 2.803366751e-11 8.043925346e-11 -2.326509021e-11 -7.762482618e-11 1.882122920e-11 7.429368822e-11 -1.482162344e-11 -7.084825267e-11 1.127254769e-11 6.743822484e-11 -8.146670169e-12 -6.412421729e-11 5.407459362e-12 6.093220655e-11 -3.017246915e-12 -5.787362128e-11 
-1.286888889e-01 1.658722454e-10 2.693546597e-10 -1.614244294e-10 -2.912486918e-10 1.437584822e-10 2.894242908e-10 -1.244725480e-10 -2.810988073e-10 1.061630849e-10 2.706741580e-10 -8.947134448e-11 -2.596080898e-10 7.449212365e-11 2.484610736e-10 -6.115137129e-11 -2.374742355e-10 4.932394251e-11 2.267627140e-10 -3.887349721e-11 -2.163874329e-10 
-1.086888889e-01 7.523729997e-10 9.349168207e-10 -7.460410623e-10 -1.019437368e-09 6.786848000e-10 1.020968455e-09 -6.021387557e-10 -9.988033194e-10 5.282698134e-10 9.682731549e-10 -4.601846045e-10 -9.345596652e-10 3.985064087e-10 8.997272512e-10 -3.430711642e-10 -8.647186608e-10 2.934626015e-10 8.300267479e-10 -2.491965388e-10 -7.959456383e-10 
-8.868888889e-02 3.276273165e-09 3.161063154e-09 -3.292628170e-09 -3.482190813e-09 3.039844102e-09 3.519976967e-09 -2.741204762e-09 -3.472948403e-09 2.448664034e-09 3.393163038e-09 -2.176378271e-09 -3.298646407e-09 1.927674906e-09 3.196872053e-09 -1.702384704e-09 -3.091466248e-09 1.499175266e-09 2.984481889e-09 -1.316364100e-09 -2.877256170e-09 
-6.868888889e-02 1.383407052e-08 1.033967659e-08 -1.404831190e-08 -1.154054627e-08 1.311486293e-08 1.180295441e-08 -1.196849769e-08 -1.176794520e-08 1.082951117e-08 1.160674768e-08 -9.759755006e-09 -1.138047453e-08 8.775306299e-09 1.111567216e-08 -7.877252274e-09 -1.082606942e-08 7.061554198e-09 1.052002627e-08 -6.322515282e-09 -1.020337504e-08 
-4.868888889e-02 5.698405540e-08 3.233818151e-08 -5.836137512e-08 -3.675608490e-08 5.497287460e-08 3.818755004e-08 -5.064159873e-08 -3.860084688e-08 4.627809562e-08 3.853569272e-08 -4.214421624e-08 -3.819269129e-08 3.831309280e-08 3.766411223e-08 -3.479534489e-08 -3.700110976e-08 3.157974622e-08 3.623706732e-08 -2.864762623e-08 -3.539663764e-08 
-2.868888889e-02 2.298466753e-07 9.461765781e-08 -2.371309624e-07 -1.105905714e-07 2.250581474e-07 1.175893427e-07 -2.089528912e-07 -1.212042464e-07 1.924988495e-07 1.230336887e-07 -1.767769354e-07 -1.237081831e-07 1.621062690e-07 1.235402316e-07 -1.485511395e-07 -1.227173073e-07 1.360851572e-07 1.213703701e-07 -1.246497251e-07 -1.196009831e-07 
-8.688888889e-03 9.100270890e-07 2.468242102e-07 -9.450350187e-07 -3.034776359e-07 9.029241776e-07 3.355587946e-07 -8.440279197e-07 -3.568211809e-07 7.829699619e-07 3.715291824e-07 -7.241182159e-07 -3.815418799e-07 6.688223035e-07 3.878836462e-07 -6.174132728e-07 -3.912293817e-07 5.698538851e-07 3.920841991e-07 -5.259710306e-07 -3.908568612e-07 
1.131111111e-02 3.541787329e-06 4.962702107e-07 -3.700440459e-06 -6.928426215e-07 3.557205599e-06 8.335985828e-07 -3.345659503e-06 -9.416145648e-07 3.122860265e-06 1.025986675e-06 -2.906129001e-06 -1.091634483e-06 2.701031510e-06 1.141770794e-06 -2.509133592e-06 -1.178776562e-06 2.330532055e-06 1.204566139e-06 -2.164755055e-06 -1.220742499e-06 
3.131111111e-02 1.355651683e-05 1.847377987e-07 -1.424644631e-05 -8.490655332e-07 1.377433863e-05 1.446755586e-06 -1.302968203e-05 -1.953658824e-06 1.223141605e-05 2.376886782e-06 -1.144703431e-05 -2.726714019e-06 1.069899803e-05 3.012574119e-06 -9.994313976e-06 -3.242660176e-06 9.334203078e-06 3.424073372e-06 -8.717410914e-06 -3.562843755e-06 
5.131111111e-02 5.097271797e-05 -5.719655251e-06 -5.387568037e-05 3.547383230e-06 5.238359802e-05 -1.076108907e-06 -4.982424221e-05 -1.182239393e-06 4.702307744e-05 3.150655130e-06 -4.423846949e-05 -4.835704013e-06 4.155921265e-05 6.262064870e-06 -3.901526965e-05 -7.456939865e-06 3.661375106e-05 8.445750500e-06 -3.434899709e-05 -9.248997375e-06 
7.131111111e-02 1.872393805e-04 -4.508684552e-05 -1.990629178e-04 3.827535547e-05 1.946261540e-04 -2.830490658e-05 -1.860937570e-04 1.864285977e-05 1.765091539e-04 -9.963489964e-06 -1.668401920e-04 2.364147891e-06 1.574293808e-04 4.204188190e-06 -1.483977325e-04 -9.825971242e-06 1.397710308e-04 1.458492740e-05 -1.314806739e-04 -1.852883294e-05 
9.131111111e-02 6.590670976e-04 -2.465004467e-04 -7.050121062e-04 2.260668620e-04 6.930422377e-04 -1.869997862e-04 -6.657960639e-04 1.473784035e-04 6.340621023e-04 -1.110346920e-04 -6.013362864e-04 7.877162779e-05 5.688852303e-04 -5.058340120e-05 -5.371412936e-04 2.625026712e-05 5.060666746e-04 -5.560153374e-06 -4.746713183e-04 -1.137572043e-05 
1.113111111e-01 2.100270903e-03 -1.066570718e-03 -2.262437721e-03 1.004960354e-03 2.234994859e-03 -8.596634008e-04 -2.153560683e-03 7.081482887e-04 2.053153093e-03 -5.677097500e-04 -1.945471938e-03 4.426124089e-04 1.834840933e-03 -3.335442657e-04 -1.722418647e-03 2.402443642e-04 1.606560120e-03 -1.626613759e-04 -1.476607260e-03 1.032451181e-04 
1.313111111e-01 5.444834356e-03 -3.399249357e-03 -5.918135138e-03 3.191837978e-03 5.867220685e-03 -2.710218466e-03 -5.645222968e-03 2.208586298e-03 5.347895840e-03 -1.747004033e-03 -5.009961085e-03 1.342495187e-03 4.645592286e-03 -9.997879089e-04 -4.258178320e-03 7.202939239e-04 3.837503019e-03 -5.069445868e-04 -3.323442792e-03 3.756329857e-04 
1.513111111e-01 1.075164009e-02 -7.512466872e-03 -1.182038148e-02 6.826165183e-03 1.172242468e-02 -5.521933554e-03 -1.116886212e-02 4.209386369e-03 1.037638599e-02 -3.045188950e-03 -9.441087764e-03 2.079762183e-03 8.415371044e-03 -1.329275420e-03 -7.324903479e-03 7.981522231e-04 6.158500297e-03 -4.933346960e-04 -4.780449848e-03 4.570312561e-04 
1.713111111e-01 1.709403726e-02 -1.239989985e-02 -1.900633115e-02 1.059921277e-02 1.873031097e-02 -7.789796955e-03 -1.745695075e-02 5.126665851e-03 1.563263783e-02 -2.934749251e-03 -1.351486773e-02 1.317213665e-03 1.128217658e-02 -2.866575229e-04 -9.055032780e-03 -1.888866458e-04 6.880996299e-03 1.548864252e-04 -4.630085081e-03 3.780447050e-04 
1.913111111e-01 2.384159286e-02 -1.709584313e-02 -2.670169261e-02 1.336950435e-02 2.588898738e-02 -8.364475604e-03 -2.324851502e-02 3.990382235e-03 1.967053515e-02 -8.044906506e-04 -1.577081218e-02 -1.078376942e-03 1.200026141e-02 1.766501476e-03 -8.652814555e-03 -1.490789729e-03 5.848582550e-03 5.312963280e-04 -3.452284881e-03 8.345872647e-04 
2.113111111e-01 3.077973828e-02 -2.120277454e-02 -3.449148103e-02 1.471450391e-02 3.251305892e-02 -6.983101857e-03 -2.765893492e-02 9.086045275e-04 2.162344788e-02 2.730706995e-03 -1.564939552e-02 -4.008307061e-03 1.056534081e-02 3.452424921e-03 -6.766095632e-03 -1.790747011e-03 4.229123491e-03 -2.468525219e-04 -2.511486895e-03 2.016440082e-03 
2.313111111e-01 3.780932842e-02 -2.463585219e-02 -4.206406950e-02 1.462087902e-02 3.806959021e-02 -3.905697799e-03 -3.012533566e-02 -3.401244434e-03 2.122249855e-02 6.491464826e-03 -1.346161973e-02 -6.070884967e-03 7.940141614e-03 3.556020265e-03 -4.779372219e-03 -4.542414981e-04 3.345689996e-03 -2.071564039e-03 -2.502222278e-03 3.333294797e-03 
2.513111111e-01 4.484443269e-02 -2.741360892e-02 -4.914565703e-02 1.323335868e-02 4.217003626e-02 3.897177149e-04 -3.043987233e-02 -8.025773388e-03 1.878583274e-02 9.311540302e-03 -1.018279419e-02 -6.283231721e-03 5.516119813e-03 1.728284399e-03 -3.963248962e-03 2.071236235e-03 3.810178825e-03 -3.997653553e-03 -3.223449649e-03 4.029082180e-03 
2.713111111e-01 5.181168852e-02 -2.956944555e-02 -5.552122564e-02 1.073790262e-02 4.461004069e-02 5.377280746e-03 -2.876207812e-02 -1.212266320e-02 1.509426610e-02 1.040309361e-02 -7.073849286e-03 -4.429032848e-03 4.485440770e-03 -1.415164602e-03 -4.832488227e-03 4.609351258e-03 5.268392786e-03 -4.979542249e-03 -3.938862137e-03 3.805347449e-03 
2.913111111e-01 5.866095476e-02 -3.112792963e-02 -6.105020437e-02 7.319954830e-03 4.537314075e-02 1.056914001e-02 -2.554799095e-02 -1.506914999e-02 1.114880920e-02 9.509626855e-03 -5.237950618e-03 -1.043203366e-03 5.359907786e-03 -4.666353366e-03 -6.960346169e-03 5.967786964e-03 6.740856317e-03 -4.563370762e-03 -3.985041685e-03 2.998551678e-03 
3.113111111e-01 6.536279824e-02 -3.211041675e-02 -6.565753527e-02 3.160838415e-03 4.459224900e-02 1.554720008e-02 -2.142023857e-02 -1.651101451e-02 7.895918739e-03 6.871112987e-03 -5.278747267e-03 2.872702088e-03 7.822514001e-03 -6.809489795e-03 -9.276389605e-03 5.573366318e-03 7.266491938e-03 -3.132211218e-03 -3.208270180e-03 2.302264414e-03 
3.313111111e-01 7.189622135e-02 -3.254744380e-02 -6.931113370e-02 -1.553586962e-03 4.249325265e-02 1.996667169e-02 -1.703050819e-02 -1.634296791e-02 6.013562427e-03 3.066991691e-03 -7.171167348e-03 6.243438801e-03 1.093285606e-02 -7.128959861e-03 -1.064080522e-02 3.723183518e-03 6.453800925e-03 -1.639742593e-03 -2.013302218e-03 2.299010762e-03 
3.513111111e-01 7.823695799e-02 -3.248471213e-02 -7.200184746e-02 -6.629229808e-03 3.934574394e-02 2.355329475e-02 -1.295532866e-02 -1.465726451e-02 5.810246173e-03 -1.180549840e-03 -1.035507409e-02 8.260202162e-03 1.355293105e-02 -5.642135116e-03 -1.038837628e-02 1.387195214e-03 4.662797110e-03 -1.054409756e-03 -1.070916559e-03 3.114033663e-03 
3.713111111e-01 8.435341221e-02 -3.197900876e-02 -7.373503957e-02 -1.187129024e-02 3.543307707e-02 2.610591412e-02 -9.640760975e-03 -1.168888875e-02 7.237221104e-03 -5.176544832e-03 -1.397753240e-02 8.566400167e-03 1.479115017e-02 -3.012049002e-03 -8.598383991e-03 -2.804577798e-04 2.776604427e-03 -1.846461325e-03 -9.061671968e-04 4.369857695e-03 
3.913111111e-01 9.021067737e-02 -3.108761162e-02 -7.453317346e-02 -1.709971229e-02 3.103997661e-02 2.750481464e-02 -7.388791561e-03 -7.770244069e-03 9.977065349e-03 -8.363252829e-03 -1.717345590e-02 7.268538202e-03 1.429227110e-02 -2.325343724e-04 -6.009571280e-03 -4.597546645e-04 1.731258226e-03 -3.771794374e-03 -1.609096121e-03 5.423980174e-03 
4.113111111e-01 9.577746288e-02 -2.985708330e-02 -7.444228403e-02 -2.216511404e-02 2.644811803e-02 2.772007539e-02 -6.366830797e-03 -3.296020918e-03 1.355976126e-02 -1.036832799e-02 -1.928880054e-02 4.816159353e-03 1.229431872e-02 1.753989043e-03 -3.666678971e-03 1.015060655e-03 2.060554562e-03 -6.020528723e-03 -2.803184443e-03 5.727465842e-03 
4.313111111e-01 1.010271878e-01 -2.831409135e-02 -7.353386964e-02 -2.696052378e-02 2.192997336e-02 2.681709571e-02 -6.621488194e-03 1.303373133e-03 1.746625484e-02 -1.100615510e-02 -1.999633441e-02 1.821883109e-03 9.477578566e-03 2.359788939e-03 -2.482532462e-03 3.634493423e-03 3.665703575e-03 -7.616167776e-03 -3.857395153e-03 5.108084606e-03 
4.513111111e-01 1.059192006e-01 -2.645117510e-02 -7.189560882e-02 -3.143508508e-02 1.773513598e-02 2.497258643e-02 -8.080922860e-03 5.569828067e-03 2.119790826e-02 -1.024573605e-02 -1.930713443e-02 -1.121151655e-03 6.701543118e-03 1.504552667e-03 -2.900884003e-03 6.446729065e-03 5.891143260e-03 -7.855367555e-03 -4.220334798e-03 3.847394422e-03 
4.713111111e-01 1.103325010e-01 -2.418266103e-02 -6.960550124e-02 -3.563813487e-02 1.406193417e-02 2.254995403e-02 -1.052368326e-02 8.972312050e-03 2.430879796e-02 -8.140933056e-03 -1.752195777e-02 -3.617802688e-03 4.738039797e-03 -3.535456244e-04 -4.772323449e-03 8.400560172e-03 7.865207043e-03 -6.589319660e-03 -3.737779036e-03 2.524588146e-03 
4.913111111e-01 1.139464729e-01 -2.125887962e-02 -6.669015319e-02 -3.982219220e-02 1.098566906e-02 2.026713137e-02 -1.348861990e-02 1.081368879e-02 2.642128765e-02 -4.722331277e-03 -1.515119105e-02 -5.682971799e-03 4.037765484e-03 -2.246504043e-03 -7.463544739e-03 8.661341459e-03 8.995936800e-03 -4.206983116e-03 -2.837074387e-03 1.654246939e-03 
5.113111111e-01 1.163542149e-01 -1.736516638e-02 -6.312322213e-02 -4.438469754e-02 8.339216166e-03 1.901660413e-02 -1.627720625e-02 1.049238176e-02 2.726890705e-02 -3.340962740e-05 -1.264268257e-02 -7.758144826e-03 4.460352013e-03 -3.057599786e-03 -1.013049400e-02 6.899937275e-03 9.259755965e-03 -1.240038201e-03 -2.260296130e-03 1.219113571e-03 
5.313111111e-01 1.176402990e-01 -1.260342200e-02 -5.893025305e-02 -4.934138785e-02 5.805332533e-03 1.886437844e-02 -1.838484832e-02 8.304477861e-03 2.673717578e-02 5.510289199e-03 -9.958072611e-03 -1.001060814e-02 5.281134478e-03 -2.473160217e-03 -1.197704162e-02 3.485477115e-03 8.696219177e-03 1.976829823e-03 -2.193364563e-03 7.329393044e-04 
5.513111111e-01 1.182678439e-01 -7.403664716e-03 -5.420438518e-02 -5.429990570e-02 3.223405724e-03 1.911488444e-02 -1.973569409e-02 5.122705873e-03 2.483614403e-02 1.119956367e-02 -6.859679202e-03 -1.201286424e-02 5.849178356e-03 -1.016193434e-03 -1.245351427e-02 -7.832934957e-04 7.105682347e-03 5.025436706e-03 -2.208456641e-03 -2.266001306e-05 
5.713111111e-01 1.185233274e-01 -2.048381057e-03 -4.902165032e-02 -5.895442442e-02 5.925756577e-04 1.926899867e-02 -2.037432699e-02 1.535397214e-03 2.165954239e-02 1.646214304e-02 -3.349612563e-03 -1.331961956e-02 5.893163912e-03 7.755877262e-04 -1.135702187e-02 -5.102482900e-03 4.490798076e-03 7.350146136e-03 -1.962153496e-03 -8.899952548e-04 
5.913111111e-01 1.185012250e-01 3.352297303e-03 -4.343349370e-02 -6.316276896e-02 -2.044961219e-03 1.913886454e-02 -2.032108126e-02 -2.169528003e-03 1.736689977e-02 2.091770094e-02 3.822272892e-04 -1.369816617e-02 5.356069390e-03 2.560547181e-03 -8.783799810e-03 -8.799345116e-03 1.176860992e-03 8.500528945e-03 -1.369710057e-03 -1.630585229e-03 
6.113111111e-01 1.182255758e-01 8.757544832e-03 -3.748587658e-02 -6.685736919e-02 -4.641699985e-03 1.867130655e-02 -1.958906037e-02 -5.820266010e-03 1.217655887e-02 2.430066574e-02 4.077127832e-03 -1.307386824e-02 4.280436102e-03 4.106548156e-03 -5.057885253e-03 -1.134984804e-02 -2.319136852e-03 8.252325907e-03 -5.112237374e-04 -2.057528978e-03 
6.313111111e-01 1.177021360e-01 1.414772314e-02 -3.122692140e-02 -6.999781700e-02 -7.150135414e-03 1.785940958e-02 -1.820468307e-02 -9.282002995e-03 6.355484584e-03 2.642494409e-02 7.464846224e-03 -1.147896541e-02 2.772196880e-03 5.241814304e-03 -6.662723535e-04 -1.240549202e-02 -5.424516586e-03 6.634216271e-03 4.484234882e-04 -2.069146761e-03 
6.513111111e-01 1.169329191e-01 1.950925042e-02 -2.470797050e-02 -7.255512736e-02 -9.523885417e-03 1.671405754e-02 -1.621412027e-02 -1.243583402e-02 2.049125521e-04 2.717705677e-02 1.029408870e-02 -9.028307764e-03 9.833109589e-04 5.846944120e-03 3.812497258e-03 -1.182320060e-02 -7.624248076e-03 3.911680684e-03 1.315161608e-03 -1.658236038e-03 
6.713111111e-01 1.159196268e-01 2.483028872e-02 -1.798303244e-02 -7.450715932e-02 -1.171872979e-02 1.525554171e-02 -1.368352347e-02 -1.517571004e-02 -5.956012748e-03 2.651699583e-02 1.235407277e-02 -5.903713110e-03 -9.051230768e-04 5.859365412e-03 7.787134442e-03 -9.678839744e-03 -8.552245461e-03 5.373692789e-04 1.911817329e-03 -9.076270349e-04 
6.913111111e-01 1.146643548e-01 3.009955237e-02 -1.110808048e-02 -7.583739375e-02 -1.369361574e-02 1.351089974e-02 -1.069710198e-02 -1.741007966e-02 -1.180726855e-02 2.447879613e-02 1.349109547e-02 -2.338236917e-03 -2.701664566e-03 5.277489447e-03 1.073255748e-02 -6.255477816e-03 -8.053945768e-03 -2.926402936e-03 2.116113567e-03 2.907896949e-05 
7.113111111e-01 1.131697054e-01 3.530599270e-02 -4.140441018e-03 -7.653466423e-02 -1.541153553e-02 1.151277752e-02 -7.354310159e-03 -1.906442693e-02 -1.704479678e-02 2.116831508e-02 1.362027611e-02 1.401872639e-03 -4.224105039e-03 4.160255711e-03 1.225956649e-02 -2.005443402e-03 -6.212498820e-03 -5.902108171e-03 1.886164641e-03 9.597808155e-04 
7.313111111e-01 1.114387906e-01 4.043872726e-02 2.861748493e-03 -7.659313335e-02 -1.684027137e-02 9.298642743e-03 -3.766503274e-03 -2.008361381e-02 -2.139639252e-02 1.675759540e-02 1.273198221e-02 5.037248550e-03 -5.318011098e-03 2.620980683e-03 1.216637315e-02 2.509615789e-03 -3.335009369e-03 -7.893528126e-03 1.269165548e-03 1.693524101e-03 
7.513111111e-01 1.094752210e-01 4.548703692e-02 9.840049339e-03 -7.601230835e-02 -1.795302040e-02 6.910034087e-03 -5.321054043e-05 -2.043367858e-02 -2.463588315e-02 1.147588270e-02 1.089257664e-02 8.296327166e-03 -5.872412702e-03 8.158143072e-04 1.046529861e-02 6.693007457e-03 9.864984978e-05 -8.568567845e-03 3.917287258e-04 2.079749100e-03 
7.713111111e-01 1.072830948e-01 5.044038121e-02 1.673621799e-02 -7.479703592e-02 -1.872890510e-02 4.391768781e-03 3.661854285e-03 -2.010295667e-02 -2.659489429e-02 5.597698311e-03 8.239468881e-03 1.093564952e-02 -5.831068202e-03 -1.072114346e-03 7.381154211e-03 9.991866276e-03 3.515857865e-03 -7.814654979e-03 -5.660923689e-04 2.039202695e-03 
7.913111111e-01 1.048669883e-01 5.528841859e-02 2.349269511e-02 -7.295745917e-02 -1.915336756e-02 1.791098148e-03 7.254917200e-03 -1.910246629e-02 -2.717160459e-02 -5.714328000e-04 4.970852867e-03 1.275805242e-02 -5.198172307e-03 -2.851278804e-03 3.321533614e-03 1.197022326e-02 6.346737831e-03 -5.757517520e-03 -1.407749630e-03 1.580205428e-03 
8.113111111e-01 1.022319457e-01 6.002102751e-02 3.005308695e-02 -7.050893232e-02 -1.921844348e-02 -8.431799295e-04 1.060626856e-02 -1.746554061e-02 -2.633603900e-02 -6.710862980e-03 1.330902169e-03 1.362739812e-02 -4.037931256e-03 -4.341186185e-03 -1.177053129e-03 1.236662349e-02 8.119193078e-03 -2.740217647e-03 -1.960532274e-03 7.969450344e-04 
8.313111111e-01 9.938346818e-02 6.462832745e-02 3.636263627e-02 -6.747189234e-02 -1.892291184e-02 -3.461636892e-03 1.360425171e-02 -1.524671693e-02 -2.413162706e-02 -1.250148822e-02 -2.408470127e-03 1.347874445e-02 -2.468049420e-03 -5.390688121e-03 -5.520083289e-03 1.112867967e-02 8.537637013e-03 7.340593772e-04 -2.111007544e-03 -1.498509855e-04 
8.513111111e-01 9.632750273e-02 6.910069952e-02 4.236867952e-02 -6.387168831e-02 -1.827231789e-02 -6.015141017e-03 1.614898310e-02 -1.251991960e-02 -2.067294567e-02 -1.764233403e-02 -5.967923923e-03 1.232319619e-02 -6.477884598e-04 -5.893314557e-03 -9.133592149e-03 8.419995558e-03 7.532287103e-03 4.085919716e-03 -1.828297435e-03 -1.065897112e-03 
8.713111111e-01 9.307042941e-02 7.342880651e-02 4.802108637e-02 -5.973836988e-02 -1.727886913e-02 -8.455779329e-03 1.815568010e-02 -9.375997113e-03 -1.613976381e-02 -2.186619895e-02 -9.081559468e-03 1.024707558e-02 1.238189461e-03 -5.798074958e-03 -1.154002682e-02 4.598544515e-03 5.270802267e-03 6.756384564e-03 -1.170414948e-03 -1.763217801e-03 
8.913111111e-01 8.961904817e-02 7.760361242e-02 5.327267818e-02 -5.510643639e-02 -1.596120626e-02 -1.073775662e-02 1.955748577e-02 -5.919695282e-03 -1.076769891e-02 -2.495354269e-02 -1.151678071e-02 7.405473810e-03 2.998555315e-03 -5.114631207e-03 -1.242135853e-02 1.693605806e-04 2.130322947e-03 8.300109219e-03 -2.723596352e-04 -2.098720656e-03 
9.113111111e-01 8.598056465e-02 8.161640128e-02 5.807962178e-02 -5.001454895e-02 -1.434405340e-02 -1.281825474e-02 2.030769625e-02 -2.266167438e-03 -4.835970300e-03 -2.674389694e-02 -1.309167077e-02 4.010665363e-03 4.454723189e-03 -3.912317429e-03 -1.166111253e-02 -4.282205653e-03 -1.365423374e-03 8.459651761e-03 6.815847306e-04 -2.003559437e-03 
9.313111111e-01 8.216257510e-02 8.545879539e-02 6.240179530e-02 -4.450520774e-02 -1.245775419e-02 -1.465823602e-02 2.038131684e-02 1.462862125e-03 1.347113505e-03 -2.714420597e-02 -1.368858159e-02 3.162505802e-04 5.458967504e-03 -2.313106169e-03 -9.359761162e-03 -8.167845598e-03 -4.633462498e-03 7.208405801e-03 1.495665768e-03 -1.497261526e-03 
9.513111111e-01 7.817305052e-02 8.912277279e-02 6.620312308e-02 -3.862439729e-02 -1.033770242e-02 -1.622317574e-02 1.977589474e-02 5.143153628e-03 7.460179514e-03 -2.613366324e-02 -1.326292248e-02 -3.401788880e-03 5.909409502e-03 -4.792344975e-04 -5.821445639e-03 -1.097404216e-02 -7.128794210e-03 4.755037542e-03 2.002831489e-03 -6.837208432e-04 
9.713111111e-01 7.402032004e-02 9.260068400e-02 6.945187680e-02 -3.242120265e-02 -8.023677956e-03 -1.748370998e-02 1.851160073e-02 8.652091093e-03 1.318549399e-02 -2.376479288e-02 -1.184649121e-02 -6.865706541e-03 5.760352660e-03 1.403254641e-03 -1.513781469e-03 -1.232993497e-02 -8.435280188e-03 1.508687198e-03 2.099009894e-03 2.701215047e-04 
9.913111111e-01 6.971305355e-02 9.588526800e-02 7.212094024e-02 -2.594739969e-02 -5.559100253e-03 -1.841618654e-02 1.663055720e-02 1.187276753e-02 1.822547705e-02 -2.016071970e-02 -9.545098593e-03 -9.816739434e-03 5.026918526e-03 3.143386151e-03 2.993940521e-03 -1.205633240e-02 -8.335042032e-03 -1.989261984e-03 1.764464873e-03 1.168534071e-03 
1.011311111e+00 6.526024354e-02 9.896966742e-02 7.418803569e-02 -1.925702296e-02 -2.990213712e-03 -1.900310881e-02 1.419543474e-02 1.469787993e-02 2.231816968e-02 -1.550876961e-02 -6.530664188e-03 -1.203443831e-02 3.783512657e-03 4.564626857e-03 7.105990331e-03 -1.018939312e-02 -6.844796132e-03 -5.155468440e-03 1.067846115e-03 1.827159774e-03 
1.031311111e+00 6.067118637e-02 1.018474428e-01 7.563590982e-02 -1.240591466e-02 -3.652199412e-04 -1.923346398e-02 1.128736411e-02 1.703330424e-02 2.525084941e-02 -1.005073313e-02 -3.028373483e-03 -1.335313575e-02 2.156276314e-03 5.522794475e-03 1.027892907e-02 -6.975847467e-03 -4.213065930e-03 -7.461914258e-03 1.521019783e-04 2.110846549e-03 
1.051311111e+00 5.595546285e-02 1.045125860e-01 7.645247774e-02 -5.451258569e-03 2.266626677e-03 -1.910292977e-02 8.003233280e-03 1.880123131e-02 2.687108681e-02 -4.070298077e-03 7.001439939e-04 -1.367432187e-02 3.102896643e-04 5.920684647e-03 1.209342857e-02 -2.840390121e-03 -8.787364788e-04 -8.523960999e-03 -7.948539625e-04 1.961380978e-03 
1.071311111e+00 5.112291823e-02 1.069595329e-01 7.663092385e-02 1.548897246e-03 4.855943177e-03 -1.861395547e-02 4.452459365e-03 1.994275927e-02 2.709466813e-02 2.121695467e-03 4.376359033e-03 -1.297400331e-02 -1.567175307e-03 5.717932137e-03 1.230968883e-02 1.670446543e-03 2.602136985e-03 -8.164494597e-03 -1.578703372e-03 1.409433867e-03 
