# nmin = 1 nmax = 11 
#   t        rebeta             imbeta
#
#
-4.886888889e-01 0.000000000e+00 0.000000000e+00 0.000000000e+00 0.000000000e+00 -5.551115123e-17 2.168404345e-19 0.000000000e+00 0.000000000e+00 0.000000000e+00 0.000000000e+00 0.000000000e+00 0.000000000e+00 0.000000000e+00 0.000000000e+00 0.000000000e+00 0.000000000e+00 0.000000000e+00 0.000000000e+00 0.000000000e+00 0.000000000e+00 
-4.686888889e-01 0.000000000e+00 0.000000000e+00 0.000000000e+00 0.000000000e+00 1.665334537e-16 9.714451465e-17 0.000000000e+00 0.000000000e+00 0.000000000e+00 0.000000000e+00 0.000000000e+00 0.000000000e+00 0.000000000e+00 0.000000000e+00 0.000000000e+00 0.000000000e+00 0.000000000e+00 0.000000000e+00 0.000000000e+00 0.000000000e+00 
-4.486888889e-01 0.000000000e+00 0.000000000e+00 0.000000000e+00 0.000000000e+00 4.996003611e-16 1.665334537e-16 0.000000000e+00 0.000000000e+00 0.000000000e+00 0.000000000e+00 0.000000000e+00 0.000000000e+00 0.000000000e+00 0.000000000e+00 0.000000000e+00 0.000000000e+00 0.000000000e+00 0.000000000e+00 0.000000000e+00 0.000000000e+00 
-4.286888889e-01 7.511331558e-19 -3.659666595e-19 -8.602138965e-19 3.891844207e-19 3.885780586e-16 2.775557562e-16 -8.870402344e-19 3.418788632e-19 8.751673381e-19 -3.089590471e-19 -8.584169893e-19 2.757983794e-19 8.396048054e-19 -2.435878320e-19 -8.200434600e-19 2.127751347e-19 8.003624915e-19 -1.834946168e-19 -7.808610710e-19 1.557450096e-19 
-4.086888889e-01 2.203911916e-18 -1.419649874e-18 -2.549966720e-18 1.482203172e-18 3.885780586e-16 4.440892099e-16 -2.661259311e-18 1.238196922e-18 2.630828743e-18 -1.082038933e-18 -2.578943361e-18 9.271910111e-19 2.514647042e-18 -7.787001525e-19 -2.442543786e-18 6.386298318e-19 2.365185350e-18 -5.077674915e-19 -2.284109860e-18 3.863291154e-19 
-3.886888889e-01 6.537870842e-18 -6.065272887e-18 -7.649346261e-18 6.438056102e-18 6.106226635e-16 4.996003611e-16 -8.109201686e-18 5.605386221e-18 8.056008314e-18 -5.034448962e-18 -7.922808153e-18 4.465034750e-18 7.738998630e-18 -3.920473649e-18 -7.520901767e-18 3.411051599e-18 7.278722560e-18 -2.941208726e-18 -7.019578930e-18 2.512540434e-18 
-3.686888889e-01 1.931932723e-17 -2.651264172e-17 -2.299788894e-17 2.865516799e-17 7.216449660e-16 1.332267630e-15 -2.507815336e-17 2.603791060e-17 2.520668893e-17 -2.399540512e-17 -2.505242966e-17 2.191918316e-17 2.470931272e-17 -1.991377691e-17 -2.423308197e-17 1.802631811e-17 2.366116064e-17 -1.627748845e-17 -2.302126861e-17 1.467459467e-17 
-3.486888889e-01 5.233685791e-17 -1.117956132e-16 -6.426971869e-17 1.224298876e-16 6.106226635e-16 1.498801083e-15 -7.362045923e-17 1.145045194e-16 7.549425035e-17 -1.072110221e-16 -7.638352709e-17 9.960631308e-17 7.656553332e-17 -9.213694967e-17 -7.621585674e-17 8.500829519e-17 7.545916057e-17 -7.831351767e-17 -7.439123392e-17 7.208870360e-17 
-3.286888889e-01 1.146927004e-16 -4.530020301e-16 -1.513100126e-16 5.012189697e-16 4.510281038e-16 1.054711873e-15 -1.915570680e-16 4.788825274e-16 2.037407211e-16 -4.533580964e-16 -2.125594934e-16 4.259691640e-16 2.187251182e-16 -3.985549158e-16 -2.227380751e-16 3.719845957e-16 2.249836982e-16 -3.466750234e-16 -2.257750158e-16 3.228132261e-16 
-3.086888889e-01 1.044479248e-16 -1.768927594e-15 -2.063019644e-16 1.974843661e-15 2.636779683e-16 -3.330669074e-16 -3.720089234e-16 1.920969178e-15 4.356846398e-16 -1.834901747e-15 -4.882647034e-16 1.739442394e-15 5.310722523e-16 -1.641914951e-15 -5.653233469e-16 1.545885868e-15 5.921181669e-16 -1.453164151e-15 -6.124454594e-16 1.364664514e-15 
-2.886888889e-01 -8.692199427e-16 -6.665517564e-15 6.363733149e-16 7.505577623e-15 -5.828670879e-16 -5.717648577e-15 -1.944155624e-17 7.423542539e-15 3.181951301e-16 -7.148486548e-15 -5.824131891e-16 6.830417723e-15 8.117641291e-16 -6.497525209e-15 -1.008175765e-15 6.163942536e-15 1.174388444e-15 -5.837198656e-15 -1.313368472e-15 5.521439091e-15 
-2.686888889e-01 -7.978363821e-15 -2.422030051e-14 7.708159133e-15 2.751668085e-14 -7.105427358e-15 -2.597921878e-14 5.205742845e-15 2.767823529e-14 -3.896468851e-15 -2.686598782e-14 2.685194231e-15 2.586868258e-14 -1.593299628e-15 -2.479109637e-14 6.237600027e-16 2.368728212e-14 2.281870965e-16 -2.258730655e-14 -9.705863188e-16 2.150882749e-14 
-2.486888889e-01 -4.694948358e-14 -8.458413964e-14 4.828616124e-14 9.706058474e-14 -4.546363286e-14 -9.781064847e-14 3.907535019e-14 9.944262230e-14 -3.361837635e-14 -9.734677971e-14 2.839498605e-14 9.449133735e-14 -2.355950026e-14 -9.125155276e-14 1.916157170e-14 8.782682513e-14 -1.520491076e-14 -8.433273107e-14 1.167209255e-14 8.084096508e-14 
-2.286888889e-01 -2.350846517e-13 -2.818251945e-13 2.489350599e-13 3.273687146e-13 -2.378652830e-13 -3.396727344e-13 2.163037829e-13 3.427940774e-13 -1.944779384e-13 -3.388632326e-13 1.729826235e-13 3.319353062e-13 -1.526598812e-13 -3.232990752e-13 1.338366198e-13 3.136624928e-13 -1.166088336e-13 -3.034538541e-13 1.009624285e-13 2.929529240e-13 
-2.086888889e-01 -1.076376233e-12 -8.831001755e-13 1.160364789e-12 1.042971764e-12 -1.125599614e-12 -1.101951863e-12 1.049729524e-12 1.123651377e-12 -9.656010420e-13 -1.124518249e-12 8.805739800e-13 1.113981167e-12 -7.987025602e-13 -1.096244361e-12 7.217083141e-13 1.073713924e-12 -6.502532802e-13 -1.047917944e-12 5.844835203e-13 1.019909129e-12 
-1.886888889e-01 -4.638849146e-12 -2.525691712e-12 5.065476973e-12 3.061745102e-12 -4.972300349e-12 -3.311323438e-12 4.710548581e-12 3.441042781e-12 -4.397661609e-12 -3.504076563e-12 4.073319886e-12 3.525252165e-12 -3.755620172e-12 -3.517354908e-12 3.452688011e-12 3.488127673e-12 -3.168076390e-12 -3.442794466e-12 2.903077501e-12 3.385174333e-12 
-1.686888889e-01 -1.908195989e-11 -6.114334138e-12 2.105283667e-11 7.808648988e-12 -2.087674478e-11 -8.808793972e-12 1.999983301e-11 9.474396982e-12 -1.887867624e-11 -9.931709547e-12 1.768507890e-11 1.024118121e-11 -1.649556670e-11 -1.043759234e-11 1.534592306e-11 1.054402084e-11 -1.425310110e-11 -1.057740824e-11 1.322463048e-11 1.055106721e-11 
-1.486888889e-01 -7.545483294e-11 -9.220242817e-12 8.400367411e-11 1.413303753e-11 -8.405071084e-11 -1.798794447e-11 8.126380186e-11 2.108894127e-11 -7.741092880e-11 -2.359009094e-11 7.318301429e-11 2.559181084e-11 -6.888995312e-11 -2.716931041e-11 6.468149583e-11 2.838315205e-11 -6.063286012e-11 -2.928441634e-11 5.678156829e-11 2.991735939e-11 
-1.286888889e-01 -2.877346133e-10 1.927903579e-11 3.230839478e-10 -7.048695218e-12 -3.259937320e-10 -7.284034487e-12 3.178185805e-10 2.081995481e-11 -3.052389316e-10 -3.287927969e-11 2.909066765e-10 4.334409675e-11 -2.760300923e-10 -5.227437991e-11 2.612102709e-10 5.978936130e-11 -2.467638196e-10 -6.602592112e-11 2.328620241e-10 7.112230441e-11 
-1.086888889e-01 -1.058530059e-09 2.763824925e-10 1.198952431e-09 -2.559349875e-10 -1.219978563e-09 2.045930370e-10 1.199141961e-09 -1.483403046e-10 -1.160836777e-09 9.445917576e-11 1.114867081e-09 -4.527407290e-11 -1.065778116e-09 1.420423333e-12 1.015894589e-09 3.711879412e-11 -9.664936306e-10 -7.062859404e-11 9.183118035e-10 9.950237987e-11 
-8.868888889e-02 -3.748111422e-09 1.782400250e-09 4.285926641e-09 -1.806024134e-09 -4.400770803e-09 1.629647584e-09 4.363117872e-09 -1.405210349e-09 -4.258676749e-09 1.177194163e-09 4.122335807e-09 -9.612291749e-10 -3.970581061e-09 7.629143287e-10 3.812087560e-09 -5.838387443e-10 -3.651817091e-09 4.238481913e-10 3.492794051e-09 -2.820002703e-10 
-6.868888889e-02 -1.270017889e-08 9.306445481e-09 1.468753708e-08 -9.776790639e-09 -1.524087279e-08 9.201168827e-09 1.526011051e-08 -8.338041835e-09 -1.503300146e-08 7.414103053e-09 1.467845185e-08 -6.512396411e-09 -1.425391620e-08 5.665505478e-09 1.379059214e-08 -4.885518836e-09 -1.330707910e-08 4.175388914e-09 1.281531673e-08 -3.533753882e-09 
-4.868888889e-02 -4.071113298e-08 4.370811291e-08 4.778259662e-08 -4.687355736e-08 -5.025375871e-08 4.512186358e-08 5.093901383e-08 -4.191911961e-08 -5.074948639e-08 3.831464858e-08 5.006925040e-08 -3.470243320e-08 -4.908924535e-08 3.124473705e-08 4.791713403e-08 -2.800878491e-08 -4.662012583e-08 2.501880042e-08 4.524367292e-08 -2.227819549e-08 
-2.868888889e-02 -1.206371905e-07 1.918142952e-07 1.447383860e-07 -2.086367114e-07 -1.551922005e-07 2.038656576e-07 1.600224176e-07 -1.924178504e-07 -1.618783449e-07 1.788512040e-07 1.619111502e-07 -1.649068829e-07 -1.607170083e-07 1.513252813e-07 1.586493211e-07 -1.384334388e-07 -1.559412927e-07 1.263693924e-07 1.527597539e-07 -1.151781336e-07 
-8.688888889e-03 -3.131874995e-07 8.005045895e-07 3.910393976e-07 -8.803197942e-07 -4.333854873e-07 8.699704409e-07 4.595217645e-07 -8.307440377e-07 -4.760805009e-07 7.815079607e-07 4.861136510e-07 -7.295686112e-07 -4.913164199e-07 6.781087043e-07 4.927731040e-07 -6.285980571e-07 -4.912542043e-07 5.817166406e-07 4.873478190e-07 -5.377499148e-07 
1.131111111e-02 -5.980088609e-07 3.205064916e-06 8.313697903e-07 -3.557749977e-06 -9.965134678e-07 3.549262524e-06 1.121777255e-06 -3.421661215e-06 -1.218463097e-06 3.249956495e-06 1.292749365e-06 -3.063540202e-06 -1.348689628e-06 2.875475418e-06 1.389277588e-06 -2.692008209e-06 -1.416895979e-06 2.516216327e-06 1.433512811e-06 -2.349566048e-06 
3.131111111e-02 4.859004638e-08 1.235977480e-05 5.703415037e-07 -1.383867992e-05 -1.191631495e-06 1.392407974e-05 1.748903986e-06 -1.353751312e-05 -2.230975288e-06 1.296635338e-05 2.639976874e-06 -1.232445068e-05 -2.981718866e-06 1.166333081e-05 3.262893343e-06 -1.100836455e-05 -3.490129339e-06 1.037264659e-05 3.669469558e-06 -9.762765526e-06 
5.131111111e-02 8.924875297e-06 4.590190994e-05 -7.665977596e-06 -5.183542284e-05 5.412555468e-06 5.258976687e-05 -3.064002359e-06 -5.154324100e-05 8.654695196e-07 4.975623736e-05 1.110262084e-06 -4.765355534e-05 -2.848179041e-06 4.543081848e-05 4.354939004e-06 -4.318680038e-05 -5.645244815e-06 4.097388894e-05 6.734176164e-06 -3.881642948e-05 
7.131111111e-02 6.497845840e-05 1.631250747e-04 -6.440680767e-05 -1.858967878e-04 5.654669874e-05 1.902297254e-04 -4.708615368e-05 -1.879621161e-04 3.767455425e-05 1.828379710e-04 -2.887961446e-05 -1.763755862e-04 2.089548102e-05 1.692860726e-04 -1.376955191e-05 -1.619344025e-04 7.490880505e-06 1.545091811e-04 -2.046745228e-06 -1.470434847e-04 
9.131111111e-02 3.420599202e-04 5.429297443e-04 -3.542440375e-04 -6.253179819e-04 3.278700087e-04 6.459832994e-04 -2.914047827e-04 -6.436784144e-04 2.533340305e-04 6.307870327e-04 -2.167472881e-04 -6.124066642e-04 1.828440529e-04 5.909590195e-04 -1.520674270e-04 -5.676680067e-04 1.245564029e-04 5.430177939e-04 -1.004656385e-04 -5.162393588e-04 
1.113111111e-01 1.437757251e-03 1.598144231e-03 -1.514925771e-03 -1.866928237e-03 1.428118511e-03 1.950473870e-03 -1.295036512e-03 -1.960271053e-03 1.151570670e-03 1.932609979e-03 -1.011323729e-03 -1.882779919e-03 8.799735903e-04 1.818101040e-03 -7.599445057e-04 -1.741869030e-03 6.522585347e-04 1.653694440e-03 -5.575607693e-04 -1.542416494e-03 
1.313111111e-01 4.488875836e-03 3.775071119e-03 -4.729777365e-03 -4.508717221e-03 4.443296851e-03 4.779511647e-03 -4.002948766e-03 -4.840745516e-03 3.526804358e-03 4.778621815e-03 -3.062133676e-03 -4.631796957e-03 2.630241482e-03 4.419666300e-03 -2.241156684e-03 -4.149629389e-03 1.899288599e-03 3.812938164e-03 -1.604047193e-03 -3.342954582e-03 
1.513111111e-01 9.839131845e-03 6.858577081e-03 -1.019987537e-02 -8.472262468e-03 9.341465418e-03 9.137835054e-03 -8.132947724e-03 -9.286000770e-03 6.868540881e-03 9.082498119e-03 -5.676499538e-03 -8.617277857e-03 4.619470554e-03 7.947275500e-03 -3.728320108e-03 -7.104124454e-03 3.016235351e-03 6.078372600e-03 -2.479923454e-03 -4.716224489e-03 
1.713111111e-01 1.630499950e-02 1.031556407e-02 -1.639239445e-02 -1.326986975e-02 1.432002777e-02 1.450913579e-02 -1.169439706e-02 -1.463258706e-02 9.114727407e-03 1.394386129e-02 -6.860459768e-03 -1.266802983e-02 5.062777386e-03 1.099052604e-02 -3.766784561e-03 -9.054697102e-03 2.962344351e-03 6.932485577e-03 -2.589474069e-03 -4.496005455e-03 
1.913111111e-01 2.279047763e-02 1.401040727e-02 -2.194495965e-02 -1.871137979e-02 1.788414472e-02 2.050876395e-02 -1.322888711e-02 -2.019480465e-02 9.047150393e-03 1.836855951e-02 -5.822012263e-03 -1.559055871e-02 3.706508175e-03 1.236386263e-02 -2.638125870e-03 -9.087432445e-03 2.413769031e-03 6.003517683e-03 -2.705192302e-03 -3.088468541e-03 
2.113111111e-01 2.886921571e-02 1.798488379e-02 -2.632000144e-02 -2.469104716e-02 1.952357446e-02 2.673500995e-02 -1.247604066e-02 -2.524455988e-02 6.871714972e-03 2.143987954e-02 -3.332954518e-03 -1.655275898e-02 1.801172772e-03 1.163102986e-02 -1.796378523e-03 -7.386375152e-03 2.632503350e-03 4.117335910e-03 -3.502639736e-03 -1.661481007e-03 
2.313111111e-01 3.444932514e-02 2.222857249e-02 -2.941055115e-02 -3.099705927e-02 1.928560810e-02 3.267428832e-02 -9.879849233e-03 -2.905487490e-02 3.567587696e-03 2.250525511e-02 -8.067592165e-04 -1.533390430e-02 8.489029425e-04 9.233300309e-03 -2.378741473e-03 -4.998338631e-03 4.054307409e-03 2.541166156e-03 -4.743369905e-03 -1.074257530e-03 
2.513111111e-01 3.952840961e-02 2.667336853e-02 -3.125493449e-02 -3.735420448e-02 1.745488246e-02 3.781701556e-02 -6.182880815e-03 -3.109736902e-02 3.142441316e-04 2.140108089e-02 4.814265453e-04 -1.243154622e-02 1.712960770e-03 6.290466036e-03 -4.475535272e-03 -3.236974053e-03 6.063225638e-03 2.170926725e-03 -5.679863301e-03 -1.400171618e-03 
2.713111111e-01 4.410655844e-02 3.124696451e-02 -3.192900964e-02 -4.351155041e-02 1.440488621e-02 4.178459614e-02 -2.181619467e-03 -3.118374316e-02 -1.893002719e-03 1.851066446e-02 -1.399401602e-04 -8.883517729e-03 4.285354594e-03 4.100866859e-03 -7.207675587e-03 -2.998459841e-03 7.569795947e-03 3.057389824e-03 -5.764165712e-03 -2.059172253e-03 
2.913111111e-01 4.817517792e-02 3.590544656e-02 -3.152293971e-02 -4.928879800e-02 1.053320214e-02 4.438277261e-02 1.420952963e-03 -2.947718072e-02 -2.459474905e-03 1.462348230e-02 -2.597622085e-03 -5.880396532e-03 7.656174143e-03 3.581730046e-03 -9.320189603e-03 -4.340410258e-03 7.785261305e-03 4.473133562e-03 -5.051313078e-03 -2.318470167e-03 
3.113111111e-01 5.173151124e-02 4.063162040e-02 -3.014831126e-02 -5.457221216e-02 6.234604699e-03 4.558176325e-02 4.091563451e-03 -2.639779938e-02 -1.247942612e-03 1.067844778e-02 -6.215753581e-03 -4.351550388e-03 1.060145203e-02 4.914513133e-03 -9.885660112e-03 -6.513413400e-03 6.698429041e-03 5.405997204e-03 -4.118740651e-03 -1.789323700e-03 
3.313111111e-01 5.479160150e-02 4.541395459e-02 -2.794588916e-02 -5.928424447e-02 1.886309999e-03 4.546011240e-02 5.491809752e-03 -2.248583851e-02 1.488835750e-03 7.506073384e-03 -1.002721292e-02 -4.692523900e-03 1.212597657e-02 7.530757839e-03 -8.752784292e-03 -8.379928842e-03 5.041736108e-03 5.151725561e-03 -3.658200627e-03 -6.346103101e-04 
3.513111111e-01 5.739076061e-02 5.022687507e-02 -2.508110635e-02 -6.335586220e-02 -2.168325745e-03 4.415163794e-02 5.473047669e-03 -1.828204138e-02 5.242957053e-03 5.656350517e-03 -1.311102987e-02 -6.712729618e-03 1.183005076e-02 1.040117031e-02 -6.566450611e-03 -8.974616118e-03 3.846932508e-03 3.679534493e-03 -4.045099663e-03 5.772539958e-04 
3.713111111e-01 5.957302671e-02 5.502534072e-02 -2.172788632e-02 -6.671831150e-02 -5.640282455e-03 4.181714381e-02 4.056773561e-03 -1.425599719e-02 9.398326406e-03 5.343430269e-03 -1.484114068e-02 -9.780393914e-03 9.988659858e-03 1.246717897e-02 -4.416405547e-03 -7.930671936e-03 3.883770222e-03 1.613747445e-03 -5.136713438e-03 1.232257443e-03 
3.913111111e-01 6.137734652e-02 5.975435789e-02 -1.804895004e-02 -6.931415732e-02 -8.314578723e-03 3.864080333e-02 1.408399969e-03 -1.078181224e-02 1.335274904e-02 6.487289750e-03 -1.499323783e-02 -1.307376269e-02 7.368628750e-03 1.302465999e-02 -3.328160742e-03 -5.600765146e-03 5.281777850e-03 -1.100320698e-04 -6.377924073e-03 1.018690706e-03 
4.113111111e-01 6.282743912e-02 6.436491282e-02 -1.418090929e-02 -7.111605263e-02 -1.006300862e-02 3.483762176e-02 -2.192846058e-03 -8.141592314e-03 1.659998364e-02 8.806113810e-03 -1.371784043e-02 -1.583271632e-02 4.903097751e-03 1.192523948e-02 -3.838920193e-03 -2.862634786e-03 7.495664139e-03 -7.089722745e-04 -7.118517277e-03 8.314432345e-05 
4.313111111e-01 6.392549051e-02 6.882483649e-02 -1.022615805e-02 -7.214015935e-02 -1.084985058e-02 3.065808393e-02 -6.383447363e-03 -6.535215602e-03 1.877115873e-02 1.191406965e-02 -1.142534786e-02 -1.753557635e-02 3.365116739e-03 9.559509344e-03 -5.818817516e-03 -7.351270610e-04 9.587936089e-03 9.291237530e-05 -6.956316701e-03 -1.061984549e-03 
4.513111111e-01 6.463660088e-02 7.311433032e-02 -6.241115959e-03 -7.244880759e-02 -1.074681816e-02 2.638790581e-02 -1.072724840e-02 -6.084821248e-03 1.963663194e-02 1.539914092e-02 -8.632883640e-03 -1.798166630e-02 3.138081943e-03 6.681300319e-03 -8.562906014e-03 1.097523778e-05 1.066529090e-02 1.972367667e-03 -5.939531386e-03 -1.816317261e-03 
4.713111111e-01 6.482859158e-02 7.719627043e-02 -2.188633444e-03 -7.215107071e-02 -1.000759786e-02 2.235831242e-02 -1.466501567e-02 -6.832105041e-03 1.905798717e-02 1.888453747e-02 -5.790717522e-03 -1.732150186e-02 4.093479883e-03 4.186396485e-03 -1.106224084e-02 -9.129188376e-04 1.027034893e-02 4.216764042e-03 -4.551450833e-03 -1.841075000e-03 
4.913111111e-01 6.415142909e-02 8.096459097e-02 2.173712938e-03 -7.141534629e-02 -9.245716773e-03 1.895853877e-02 -1.739096598e-02 -8.708497273e-03 1.689097193e-02 2.209579379e-02 -3.059414081e-03 -1.607878018e-02 5.527534149e-03 2.907410517e-03 -1.233123503e-02 -3.308710584e-03 8.555573190e-03 6.194078276e-03 -3.455825493e-03 -1.370190834e-03 
5.113111111e-01 6.216476205e-02 8.428151451e-02 7.237281951e-03 -7.042808587e-02 -9.323270180e-03 1.644800109e-02 -1.807613349e-02 -1.141578164e-02 1.302510691e-02 2.485971222e-02 -1.787064631e-04 -1.489279062e-02 6.360998059e-03 3.218547934e-03 -1.174101804e-02 -6.617629640e-03 5.997874937e-03 7.758849359e-03 -2.938292642e-03 -1.149465052e-03 
5.313111111e-01 5.898493127e-02 8.717860470e-02 1.300350044e-02 -6.920916476e-02 -1.041958618e-02 1.457402744e-02 -1.676397456e-02 -1.439406979e-02 7.745223332e-03 2.689745742e-02 3.059499308e-03 -1.377097722e-02 5.981056736e-03 4.575453040e-03 -9.253641745e-03 -9.978883185e-03 2.839262304e-03 8.835923403e-03 -2.556251309e-03 -1.572576122e-03 
5.513111111e-01 5.516659895e-02 8.980123269e-02 1.906206917e-02 -6.761990122e-02 -1.196805266e-02 1.285953210e-02 -1.420058808e-02 -1.715047527e-02 1.684070716e-03 2.783626850e-02 6.375978486e-03 -1.222149270e-02 4.574638282e-03 6.077052965e-03 -5.319710445e-03 -1.247804608e-02 -7.062133541e-04 8.987748696e-03 -1.835301084e-03 -2.276931575e-03 
5.713111111e-01 5.106655187e-02 9.222224844e-02 2.509756227e-02 -6.555380038e-02 -1.351622436e-02 1.105172140e-02 -1.093693683e-02 -1.942167022e-02 -4.595716250e-03 2.744760968e-02 9.352661353e-03 -9.973544968e-03 2.533241541e-03 7.162164329e-03 -5.883158725e-04 -1.350281544e-02 -4.152247244e-03 7.878729916e-03 -7.379329511e-04 -2.775352888e-03 
5.913111111e-01 4.681513483e-02 9.445366251e-02 3.096121057e-02 -6.297342491e-02 -1.487429209e-02 9.083388181e-03 -7.247585931e-03 -2.107520704e-02 -1.067381128e-02 2.567561436e-02 1.167613371e-02 -7.048079430e-03 1.812914026e-04 7.580662559e-03 4.252586387e-03 -1.280293972e-02 -6.925617391e-03 5.539111397e-03 5.294523288e-04 -2.794801691e-03 
6.113111111e-01 4.245495869e-02 9.649111513e-02 3.657581931e-02 -5.987922690e-02 -1.596967451e-02 6.959526614e-03 -3.301730486e-03 -2.203705725e-02 -1.620663135e-02 2.258434697e-02 1.314059417e-02 -3.616854407e-03 -2.203824178e-03 7.248139668e-03 8.540973113e-03 -1.043074328e-02 -8.553144983e-03 2.302122091e-03 1.698103675e-03 -2.268781517e-03 
6.313111111e-01 3.800361896e-02 9.832875491e-02 4.188728055e-02 -5.628932507e-02 -1.676939050e-02 4.709867682e-03 7.575528986e-04 -2.226844095e-02 -2.089934733e-02 1.832446985e-02 1.362696730e-02 7.819892123e-05 -4.369121131e-03 6.185819885e-03 1.170325375e-02 -6.686347787e-03 -8.757563879e-03 -1.310918162e-03 2.522028199e-03 -1.285286678e-03 
6.513111111e-01 3.347241026e-02 9.996177061e-02 4.684955236e-02 -5.223096219e-02 -1.725535615e-02 2.373363698e-03 4.792310043e-03 -2.175920814e-02 -2.450628831e-02 1.311389877e-02 1.309626527e-02 3.765474999e-03 -6.092069633e-03 4.497655790e-03 1.331956205e-02 -2.060259708e-03 -7.502533013e-03 -4.703096892e-03 2.829602041e-03 -4.025737757e-05 
6.713111111e-01 2.887122770e-02 1.013863288e-01 5.142085345e-02 -4.773708579e-02 -1.741773600e-02 -7.194030345e-06 8.667530464e-03 -2.052545895e-02 -2.683958264e-02 7.222275200e-03 1.158745153e-02 7.170881506e-03 -7.197185479e-03 2.353728394e-03 1.317576594e-02 2.837519344e-03 -4.996615625e-03 -7.310340253e-03 2.556858724e-03 1.212455355e-03 
6.913111111e-01 2.420975999e-02 1.025992963e-01 5.556296500e-02 -4.284490127e-02 -1.725332904e-02 -2.387470596e-03 1.225399172e-02 -1.860800302e-02 -2.777787359e-02 9.554370445e-04 9.213073679e-03 1.004043666e-02 -7.572199620e-03 -2.882748141e-05 1.129073409e-02 7.360128823e-03 -1.657501615e-03 -8.698299662e-03 1.759519349e-03 2.216223406e-03 
7.113111111e-01 1.949775042e-02 1.035980867e-01 5.924130806e-02 -3.759514634e-02 -1.676519098e-02 -4.722906333e-03 1.543218709e-02 -1.607062800e-02 -2.727237830e-02 -5.361010376e-03 6.150466314e-03 1.215989916e-02 -7.179034791e-03 -2.408414998e-03 7.913554726e-03 1.090999404e-02 1.958012190e-03 -8.635630816e-03 6.011374401e-04 2.765180277e-03 
7.313111111e-01 1.474503628e-02 1.043805973e-01 6.242518245e-02 -3.203160980e-02 -1.596247686e-02 -6.969710876e-03 1.809622804e-02 -1.299784153e-02 -2.534936888e-02 -1.139879866e-02 2.628405874e-03 1.337097490e-02 -6.057570783e-03 -4.543661122e-03 3.490540318e-03 1.301800762e-02 5.246991655e-03 -7.132815974e-03 -6.805973059e-04 2.746705192e-03 
7.513111111e-01 9.961539032e-03 1.049451893e-01 6.508801491e-02 -2.620072003e-02 -1.486024843e-02 -9.085734995e-03 2.015735769e-02 -9.492010487e-03 -2.210879613e-02 -1.684411718e-02 -1.090002651e-03 1.358320327e-02 -4.321577195e-03 -6.217957924e-03 -1.393775480e-03 1.340558868e-02 7.660947108e-03 -4.440482363e-03 -1.822671317e-03 2.164595672e-03 
7.713111111e-01 5.157244891e-03 1.052906824e-01 6.720758034e-02 -2.015114300e-02 -1.347918774e-02 -1.103127693e-02 2.154690600e-02 -5.669935827e-03 -1.771909278e-02 -2.141394205e-02 -4.726985394e-03 1.278073288e-02 -2.147167381e-03 -7.261453422e-03 -6.093893180e-03 1.202151775e-02 8.797311479e-03 -1.007623493e-03 -2.590727618e-03 1.138303892e-03 
7.913111111e-01 3.421838156e-04 1.054163549e-01 6.876618773e-02 -1.393337174e-02 -1.184520862e-02 -1.276983196e-02 2.221857768e-02 -1.658956611e-03 -1.240841887e-02 -2.487075206e-02 -8.010851003e-03 1.102351085e-02 2.450686974e-04 -7.568287503e-03 -9.988656231e-03 9.048710988e-03 8.466576995e-03 2.593273564e-03 -2.827158564e-03 -1.215715177e-04 
8.113111111e-01 -4.473591619e-03 1.053219443e-01 6.975082802e-02 -7.599303599e-03 -9.988970499e-03 -1.426877866e-02 2.214999476e-02 2.407293870e-03 -6.452802910e-03 -2.703487567e-02 -1.069628681e-02 8.442806037e-03 2.612443019e-03 -7.107332552e-03 -1.256334184e-02 4.880047704e-03 6.723899136e-03 5.761698876e-03 -2.483447724e-03 -1.356500090e-03 
8.313111111e-01 -9.280027295e-03 1.050076476e-01 7.015328279e-02 -1.201806774e-03 -7.945303134e-03 -1.549999143e-02 2.134344223e-02 6.393340720e-03 -1.617949862e-04 -2.779383008e-02 -1.258268432e-02 5.231403326e-03 4.714789758e-03 -5.925351643e-03 -1.347768557e-02 6.644871876e-05 3.859898583e-03 7.969264482e-03 -1.630125618e-03 -2.313070586e-03 
8.513111111e-01 -1.406708858e-02 1.044741211e-01 6.997019289e-02 5.205721103e-03 -5.752553128e-03 -1.644036827e-02 1.982579194e-02 1.016638115e-02 6.137622423e-03 -2.710816776e-02 -1.352912508e-02 1.629202221e-03 6.338829658e-03 -4.142254592e-03 -1.261084988e-02 -4.755931974e-03 3.521953498e-04 8.847821873e-03 -4.422966164e-04 -2.794991729e-03 
8.713111111e-01 -1.882478128e-02 1.037224786e-01 6.920308652e-02 1.156979867e-02 -3.451864407e-03 -1.707226431e-02 1.764760733e-02 1.360070907e-02 1.211802975e-02 -2.501352680e-02 -1.346490771e-02 -2.094704202e-03 7.319806827e-03 -1.938933352e-03 -1.007739376e-02 -8.949779816e-03 -3.214242351e-03 8.250856899e-03 8.362930403e-04 -2.703371786e-03 
8.913111111e-01 -2.354317252e-02 1.027542894e-01 6.785836645e-02 1.783730721e-02 -1.086406218e-03 -1.738382288e-02 1.488145881e-02 1.658190325e-02 1.746858835e-02 -2.161877863e-02 -1.239482939e-02 -5.662131191e-03 7.558202917e-03 4.610891472e-04 -6.212132832e-03 -1.196084568e-02 -6.244651350e-03 6.277923460e-03 1.943272737e-03 -2.057011456e-03 
9.113111111e-01 -2.821241147e-02 1.015715748e-01 6.594725657e-02 2.395593405e-02 1.299436884e-03 -1.736919803e-02 1.161950591e-02 1.901063950e-02 2.191119670e-02 -1.710036922e-02 -1.039882755e-02 -8.806583381e-03 7.029833077e-03 2.814334992e-03 -1.525890954e-03 -1.339119414e-02 -8.233660233e-03 3.258041224e-03 2.651486761e-03 -9.885459119e-04 
9.313111111e-01 -3.282274992e-02 1.001768040e-01 6.348570825e-02 2.987460918e-02 3.660897847e-03 -1.702866417e-02 7.970426864e-03 2.080599979e-02 2.521494505e-02 -1.169314818e-02 -7.626008320e-03 -1.129316264e-02 5.788299466e-03 4.882071674e-03 3.362009105e-03 -1.305179369e-02 -8.849568483e-03 -3.051739083e-04 2.815607368e-03 2.827723604e-04 
9.513111111e-01 -3.736456263e-02 9.857288889e-02 6.049426716e-02 3.554393150e-02 5.953667118e-03 -1.636861095e-02 4.055797747e-03 2.190816826e-02 2.720811723e-02 -5.678162131e-03 -4.283507949e-03 -1.293611553e-02 3.959553409e-03 6.454531070e-03 7.805593900e-03 -1.098749869e-02 -7.989663093e-03 -3.817496185e-03 2.401956496e-03 1.496064856e-03 
9.713111111e-01 -4.182836742e-02 9.676317814e-02 5.699790180e-02 4.091658119e-02 8.134724049e-03 -1.540142335e-02 6.041941757e-06 2.228042404e-02 2.778711578e-02 6.319530177e-04 -6.210192461e-04 -1.361270952e-02 1.729117866e-03 7.372190037e-03 1.121760965e-02 -7.471121559e-03 -5.797347676e-03 -6.693187087e-03 1.495416602e-03 2.402360141e-03 
9.913111111e-01 -4.620484499e-02 9.475144993e-02 5.302579509e-02 4.594771463e-02 1.016314412e-02 -1.414524931e-02 -4.043915163e-03 2.191036471e-02 2.692184660e-02 6.909221671e-03 3.087861086e-03 -1.327240141e-02 -6.767335382e-04 7.541953742e-03 1.314713234e-02 -2.967378465e-03 -2.638227516e-03 -8.452677033e-03 2.820125220e-04 2.815683576e-03 
1.011311111e+00 -5.048485833e-02 9.254190426e-02 4.861110082e-02 5.059533874e-02 1.200086683e-02 -1.262365921e-02 -7.959141470e-03 2.081031953e-02 2.465728304e-02 1.282737547e-02 6.566070778e-03 -1.194061304e-02 -3.013931556e-03 6.946599967e-03 1.333916075e-02 1.928526430e-03 9.608612320e-04 -8.802541630e-03 -9.892614139e-04 2.651219892e-03 
1.031311111e+00 -5.465947183e-02 9.013915411e-02 4.379066687e-02 5.482066144e-02 1.361340985e-02 -1.086520358e-02 -1.160919370e-02 1.901693859e-02 2.111112844e-02 1.807881147e-02 9.553779214e-03 -9.716832204e-03 -5.045371703e-03 5.646526269e-03 1.176831686e-02 6.569561780e-03 4.399710290e-03 -7.684435101e-03 -2.057535799e-03 1.942717555e-03 
1.051311111e+00 -5.871996996e-02 8.754821581e-02 3.860472769e-02 5.858841545e-02 1.497051603e-02 -8.902877410e-03 -1.487246335e-02 1.658997184e-02 1.646769832e-02 2.239058017e-02 1.182779740e-02 -6.767180660e-03 -6.564968074e-03 3.773622758e-03 8.642199724e-03 1.034237920e-02 7.104834029e-03 -5.284820421e-03 -2.703597372e-03 8.355634701e-04 
1.071311111e+00 -6.265787539e-02 8.477449862e-02 3.309656850e-02 6.186715266e-02 1.604672116e-02 -6.773501044e-03 -1.764022833e-02 1.361027832e-02 1.096834038e-02 2.553857235e-02 1.321825071e-02 -3.312004469e-03 -7.418560382e-03 1.517892086e-03 4.373949678e-03 1.274837197e-02 8.625107795e-03 -2.003873495e-03 -2.794872268e-03 -4.430508646e-04 
