# nmin = 1 nmax = 11 
#   t        rebeta             imbeta
#
#
-4.886888889e-01 0.000000000e+00 0.000000000e+00 0.000000000e+00 0.000000000e+00 0.000000000e+00 0.000000000e+00 0.000000000e+00 0.000000000e+00 -5.551115123e-17 0.000000000e+00 0.000000000e+00 0.000000000e+00 0.000000000e+00 0.000000000e+00 0.000000000e+00 0.000000000e+00 0.000000000e+00 0.000000000e+00 0.000000000e+00 0.000000000e+00 
-4.686888889e-01 0.000000000e+00 0.000000000e+00 0.000000000e+00 0.000000000e+00 0.000000000e+00 0.000000000e+00 0.000000000e+00 0.000000000e+00 0.000000000e+00 -2.775557562e-17 0.000000000e+00 0.000000000e+00 0.000000000e+00 0.000000000e+00 0.000000000e+00 0.000000000e+00 0.000000000e+00 0.000000000e+00 0.000000000e+00 0.000000000e+00 
-4.486888889e-01 0.000000000e+00 0.000000000e+00 0.000000000e+00 0.000000000e+00 0.000000000e+00 0.000000000e+00 0.000000000e+00 0.000000000e+00 -1.665334537e-16 0.000000000e+00 0.000000000e+00 0.000000000e+00 0.000000000e+00 0.000000000e+00 0.000000000e+00 0.000000000e+00 0.000000000e+00 0.000000000e+00 0.000000000e+00 0.000000000e+00 
-4.286888889e-01 5.125556792e-19 -5.016226420e-19 -6.372613240e-19 5.890664508e-19 6.992082119e-19 -6.103125745e-19 -7.335302358e-19 6.043219589e-19 -5.551115123e-17 0.000000000e+00 -7.641772140e-19 5.596551194e-19 7.696873833e-19 -5.306690281e-19 -7.715119819e-19 5.001032772e-19 7.707378166e-19 -4.689632999e-19 -7.680503243e-19 4.378378735e-19 
-4.086888889e-01 1.232312911e-18 -1.856690380e-18 -1.581637821e-18 2.162856695e-18 1.781350945e-18 -2.217849620e-18 -1.908628415e-18 2.168475103e-18 1.387778781e-16 -1.665334537e-16 -2.046641460e-18 1.943860590e-18 2.079011141e-18 -1.806529073e-18 -2.094229123e-18 1.664155970e-18 2.095406938e-18 -1.521129364e-18 -2.084751562e-18 1.380213274e-18 
-3.886888889e-01 2.146049756e-18 -7.209061358e-18 -2.970507253e-18 8.494645897e-18 3.547201316e-18 -8.812622150e-18 -3.978999633e-18 8.721507905e-18 2.116362641e-16 -2.775557562e-16 -4.551008000e-18 8.033515529e-18 4.726623958e-18 -7.586199907e-18 -4.843255013e-18 7.117537825e-18 4.908884302e-18 -6.646214859e-18 -4.930332273e-18 6.184329021e-18 
-3.686888889e-01 -9.176310367e-19 -2.759787329e-17 -3.757243665e-19 3.299895404e-17 1.905234331e-18 -3.474948512e-17 -3.390055965e-18 3.492422894e-17 4.163336342e-16 -4.996003611e-16 -5.912084872e-18 3.324583071e-17 6.911302349e-18 -3.195979282e-17 -7.740049841e-18 3.055904140e-17 8.410632864e-18 -2.911652269e-17 -8.938589560e-18 2.767945378e-17 
-3.486888889e-01 -3.592578162e-17 -9.753435115e-17 3.785015905e-17 1.183641822e-16 -3.464461368e-17 -1.264647613e-16 2.973912690e-17 1.289267092e-16 5.551115123e-16 -4.996003611e-16 1.907374625e-17 1.262151973e-16 -1.409286737e-17 -1.230154730e-16 9.533566460e-18 1.192346158e-16 -5.429922962e-18 -1.151356260e-16 1.777302551e-18 1.108911203e-16 
-3.286888889e-01 -2.442021104e-16 -3.087747005e-16 2.758859700e-16 3.815395384e-16 -2.741343830e-16 -4.146012362e-16 2.595963746e-16 4.294441071e-16 3.885780586e-16 -4.996003611e-16 2.182565573e-16 4.328337580e-16 -1.965446156e-16 -4.275268694e-16 1.755614920e-16 4.196289768e-16 -1.557407435e-16 -4.100161504e-16 1.372796076e-16 3.992852609e-16 
-3.086888889e-01 -1.243406226e-15 -8.267868986e-16 1.443432188e-15 1.052107981e-15 -1.476239232e-15 -1.173628245e-15 1.441457147e-15 1.244563031e-15 -9.436895709e-16 -1.110223025e-15 1.296388792e-15 1.306165420e-15 -1.211645592e-15 -1.312925105e-15 1.126346341e-15 1.309405268e-15 -1.043114905e-15 -1.298209431e-15 9.634109110e-16 1.281224238e-15 
-2.886888889e-01 -5.455902764e-15 -1.524433084e-15 6.442222462e-15 2.102911772e-15 -6.703437921e-15 -2.503203570e-15 6.661318061e-15 2.800390631e-15 -6.106226635e-15 -2.729804230e-15 6.209905560e-15 3.193795609e-15 -5.911654893e-15 -3.317940883e-15 5.599209155e-15 3.405460126e-15 -5.285172697e-15 -3.462626296e-15 4.977121572e-15 3.494528303e-15 
-2.686888889e-01 -2.147234945e-14 8.967808191e-16 2.570964580e-14 3.419433843e-17 -2.712173778e-14 -1.172651195e-15 2.731827225e-14 2.294875358e-15 -2.664535259e-14 -3.025357742e-15 2.615012788e-14 4.244564162e-15 -2.521893913e-14 -5.042357565e-15 2.419354376e-14 5.724337295e-15 -2.312691872e-14 -6.298361785e-15 2.205249678e-14 6.773980163e-15 
-2.486888889e-01 -7.642121834e-14 2.840870676e-14 9.280128665e-14 -3.001698906e-14 -9.923104343e-14 2.756430243e-14 1.012556926e-13 -2.374504189e-14 -1.005862060e-13 1.992850329e-14 9.932559417e-14 -1.534022971e-14 -9.690036010e-14 1.137020986e-14 9.399957106e-14 -7.707992371e-15 -9.082376634e-14 4.387227265e-15 8.750487665e-14 -1.412468190e-15 
-2.286888889e-01 -2.424239057e-13 1.920884702e-13 2.996382327e-13 -2.170933390e-13 -3.257122914e-13 2.157810514e-13 3.374943439e-13 -2.043739671e-13 -3.412270466e-13 1.893485368e-13 3.403821367e-13 -1.717862079e-13 -3.362852328e-13 1.546196884e-13 3.301120265e-13 -1.380065948e-13 -3.225467765e-13 1.223031835e-13 3.140601466e-13 -1.076802460e-13 
-2.086888889e-01 -6.494773264e-13 9.772499891e-13 8.265933595e-13 -1.134539772e-12 -9.222069102e-13 1.160371096e-12 9.780886681e-13 -1.133025878e-12 -1.010386219e-12 1.081856826e-12 1.026708983e-12 -1.018834759e-12 -1.032051241e-12 9.520960011e-13 1.029253996e-12 -8.849201667e-13 -1.020368448e-12 8.193943948e-13 1.006892312e-12 -7.566863173e-13 
-1.886888889e-01 -1.197672067e-12 4.287298682e-12 1.652313907e-12 -5.062433033e-12 -1.967004620e-12 5.267719907e-12 2.200681971e-12 -5.234568506e-12 -2.377450016e-12 5.086986388e-12 2.509969051e-12 -4.879566254e-12 -2.607481982e-12 4.645037095e-12 2.676140769e-12 -4.399388925e-12 -2.720899158e-12 4.152556278e-12 2.745791609e-12 -3.910507508e-12 
-1.686888889e-01 7.048413962e-13 1.687258262e-11 2.680741766e-14 -2.020224114e-11 -9.215495817e-13 2.131182812e-11 1.803518531e-12 -2.146615934e-11 -2.615213601e-12 2.113831332e-11 3.335594243e-12 -2.054789463e-11 -3.962360712e-12 1.981603148e-11 4.498057304e-12 -1.901022466e-11 -4.948910264e-12 1.817212479e-11 5.322478472e-12 -1.732799531e-11 
-1.486888889e-01 2.232292284e-11 6.004986186e-11 -2.358652369e-11 -7.292096191e-11 2.165907850e-11 7.797325577e-11 -1.865786583e-11 -7.956402040e-11 1.534500305e-11 7.932920987e-11 -1.205366051e-11 -7.804699424e-11 8.934322198e-12 7.614120172e-11 -6.056878001e-12 -7.386185826e-11 3.447691821e-12 7.136653784e-11 -1.110280806e-12 -6.875886058e-11 
-1.286888889e-01 1.509378605e-10 1.904901157e-10 -1.705858137e-10 -2.354476184e-10 1.695544498e-10 2.559358150e-10 -1.605909637e-10 -2.651936268e-10 1.483643763e-10 2.682282729e-10 -1.349846192e-10 -2.674623711e-10 1.214958932e-10 2.642431112e-10 -1.084420025e-10 -2.593925067e-10 9.610279407e-11 2.534481769e-10 -8.461243284e-11 -2.467798601e-10 
-1.086888889e-01 7.678956829e-10 5.103412626e-10 -8.914893733e-10 -6.495141419e-10 9.117866895e-10 7.246444742e-10 -8.902995028e-10 -7.685545524e-10 8.497461068e-10 7.938350532e-10 -8.005716675e-10 -8.067586797e-10 7.481304794e-10 8.109565496e-10 -6.953457363e-10 -8.087587773e-10 6.438573801e-10 8.017770229e-10 -5.945829228e-10 -7.911880143e-10 
-8.868888889e-02 3.368838153e-09 9.410972954e-10 -3.977916545e-09 -1.298342127e-09 4.139224905e-09 1.545617075e-09 -4.113175380e-09 -1.729233875e-09 3.996497799e-09 1.867985075e-09 -3.834224966e-09 -1.972262646e-09 3.649938728e-09 2.048885690e-09 -3.456915285e-09 -2.102836044e-09 3.262960890e-09 2.138006040e-09 -3.072765383e-09 -2.157565659e-09 
-6.868888889e-02 1.325798712e-08 -5.538403622e-10 -1.587433571e-08 -2.106938170e-11 1.674621614e-08 7.241324723e-10 -1.686748428e-08 -1.417158335e-09 1.660917476e-08 2.054552389e-09 -1.614593677e-08 -2.621019142e-09 1.557085873e-08 3.113514039e-09 -1.493767748e-08 -3.534448561e-09 1.427912081e-08 3.888714781e-09 -1.361582531e-08 -4.182251620e-09 
-4.868888889e-02 4.718530136e-08 -1.754060137e-08 -5.729900463e-08 1.853347971e-08 6.126893124e-08 -1.701894015e-08 -6.251889362e-08 1.466067157e-08 6.233413030e-08 -1.205814271e-08 -6.132683272e-08 9.471283401e-09 5.982930174e-08 -7.020204253e-09 -5.803824240e-08 4.759201598e-09 5.607746905e-08 -2.708992687e-09 -5.402839199e-08 8.723458961e-10 
-2.868888889e-02 1.496796433e-07 -1.186001364e-07 -1.850054602e-07 1.340384150e-07 2.011042118e-07 -1.332277898e-07 -2.083785215e-07 1.261844623e-07 2.107627216e-07 -1.165779576e-07 -2.101608468e-07 1.060637608e-07 2.076310257e-07 -9.546477641e-08 -2.038192970e-07 8.520750167e-08 1.991480601e-07 -7.551183332e-08 -1.939076637e-07 6.648320704e-08 
-8.688888889e-03 4.009939740e-07 -6.033456574e-07 -5.103472471e-07 7.004524727e-07 5.693793886e-07 -7.163973488e-07 -6.038800096e-07 6.995113644e-07 6.237420018e-07 -6.676455538e-07 -6.338941807e-07 6.290046508e-07 6.371894318e-07 -5.877979526e-07 -6.354584597e-07 5.463214930e-07 6.299670156e-07 -5.058636935e-07 -6.216371973e-07 4.671448778e-07 
1.131111111e-02 7.394442302e-07 -2.646439688e-06 -1.020133349e-06 3.124882756e-06 1.214410318e-06 -3.251562965e-06 -1.358663151e-06 3.231055271e-06 1.467657474e-06 -3.139350688e-06 -1.549557088e-06 3.011824169e-06 1.609719409e-06 -2.867004091e-06 -1.652055633e-06 2.715318080e-06 1.679616285e-06 -2.562894480e-06 -1.694860279e-06 2.413398498e-06 
3.131111111e-02 -4.326842633e-07 -1.040800221e-05 -1.941990218e-08 1.246164813e-05 5.718455510e-07 -1.314566125e-05 -1.116193287e-06 1.324029631e-05 1.616696817e-06 -1.303685765e-05 -2.061354794e-06 1.267246576e-05 2.447773660e-06 -1.222020261e-05 -2.777820554e-06 1.172223036e-05 3.055255597e-06 -1.120415388e-05 -3.284397099e-06 1.068177474e-05 
5.131111111e-02 -1.370551118e-05 -3.695495780e-05 1.447105937e-05 4.487348577e-05 -1.327647124e-05 -4.797803248e-05 1.142342376e-05 4.895035848e-05 -9.381057021e-06 -4.879729477e-05 7.352862042e-06 4.799843950e-05 -5.432961870e-06 -4.681399264e-05 3.664116950e-06 4.539755445e-05 -2.063255165e-06 -4.384452688e-05 6.354628888e-07 4.221172122e-05 
7.131111111e-02 -9.161296438e-05 -1.163051605e-04 1.034216872e-04 1.437414085e-04 -1.026590593e-04 -1.562094764e-04 9.708224276e-05 1.617921502e-04 -8.953543573e-05 -1.635477556e-04 8.130293083e-05 1.629562953e-04 -7.302390237e-05 -1.608380568e-04 6.503056273e-05 1.576873919e-04 -5.749625829e-05 -1.538082657e-04 5.051204351e-05 1.493210961e-04 
9.131111111e-02 -4.479637470e-04 -3.046211657e-04 5.187212194e-04 3.876828315e-04 -5.288670606e-04 -4.322076273e-04 5.145146398e-04 4.577460847e-04 -4.890394147e-04 -4.718052322e-04 4.586052022e-04 4.781192036e-04 -4.263768987e-04 -4.788190314e-04 3.940678735e-04 4.751892570e-04 -3.625888201e-04 -4.678751963e-04 3.321953041e-04 4.562374100e-04 
1.113111111e-01 -1.735131618e-03 -5.541832276e-04 2.035982113e-03 7.608185822e-04 -2.101476048e-03 -8.996854558e-04 2.067918089e-03 9.979705042e-04 -1.986433556e-03 -1.066623997e-03 1.881036423e-03 1.111562764e-03 -1.764293620e-03 -1.136352948e-03 1.642949072e-03 1.142831321e-03 -1.519811704e-03 -1.130236907e-03 1.391077617e-03 1.088017503e-03 
1.313111111e-01 -4.995812898e-03 -3.335656600e-04 5.898116332e-03 7.447074534e-04 -6.102496914e-03 -1.124138462e-03 5.998104646e-03 1.442114459e-03 -5.735165161e-03 -1.689370311e-03 5.386957608e-03 1.863879574e-03 -4.993077323e-03 -1.965643699e-03 4.574173757e-03 1.992734685e-03 -4.134008032e-03 -1.933555517e-03 3.633615952e-03 1.730075179e-03 
1.513111111e-01 -1.026098229e-02 1.082132415e-03 1.212740911e-02 -3.097873817e-04 -1.245955673e-02 -6.239176726e-04 1.206756668e-02 1.463262344e-03 -1.128738043e-02 -2.114336669e-03 1.029854937e-02 2.541914513e-03 -9.207475780e-03 -2.735704030e-03 8.074224160e-03 2.691388436e-03 -6.911560044e-03 -2.386712851e-03 5.610018873e-03 1.697707047e-03 
1.713111111e-01 -1.629056307e-02 3.444424465e-03 1.920662084e-02 -1.900682772e-03 -1.941941111e-02 -9.163476275e-05 1.827871055e-02 1.828694225e-03 -1.642408085e-02 -3.052119905e-03 1.424646953e-02 3.684937796e-03 -1.200189610e-02 -3.741246288e-03 9.845976048e-03 3.275551695e-03 -7.831734285e-03 -2.335156560e-03 5.805470718e-03 8.612269035e-04 
1.913111111e-01 -2.227759478e-02 5.973884113e-03 2.610697674e-02 -3.030027655e-03 -2.573793524e-02 -5.544442293e-04 2.320938500e-02 3.404993219e-03 -1.966716736e-02 -5.057140700e-03 1.588646164e-02 5.469922290e-03 -1.237608010e-02 -4.830291712e-03 9.409026980e-03 3.427309213e-03 -7.030092008e-03 -1.553216456e-03 4.961708591e-03 -5.825715831e-04 
2.113111111e-01 -2.808979907e-02 8.211780011e-03 3.257147685e-02 -3.202505797e-03 -3.100098500e-02 -2.345919983e-03 2.638715044e-02 6.184044619e-03 -2.069998814e-02 -7.705822761e-03 1.529690214e-02 7.147093780e-03 -1.095631624e-02 -5.166395364e-03 7.918283406e-03 2.533956557e-03 -5.965901916e-03 8.924604264e-05 4.420353342e-03 -2.240615981e-03 
2.313111111e-01 -3.377612320e-02 1.006655948e-02 3.854676599e-02 -2.421144995e-03 -3.505903756e-02 -5.194935098e-03 2.774967883e-02 9.509382178e-03 -1.981290490e-02 -1.002484608e-02 1.329639133e-02 7.698604470e-03 -9.035054090e-03 -4.047746914e-03 6.831711492e-03 4.671416983e-04 -5.813034924e-03 2.169505243e-03 4.689060673e-03 -3.549436812e-03 
2.513111111e-01 -3.933554064e-02 1.160120004e-02 4.393467634e-02 -8.948253216e-04 -3.779671536e-02 -8.599761234e-03 2.741761127e-02 1.256427331e-02 -1.760283217e-02 -1.111183679e-02 1.095676592e-02 6.531392077e-03 -7.837091128e-03 -1.499059055e-03 7.036909996e-03 -2.151526904e-03 -6.771763852e-03 3.877713339e-03 5.368536690e-03 -4.114097516e-03 
2.713111111e-01 -4.470587230e-02 1.287153756e-02 4.859559271e-02 1.175094112e-03 -3.914438483e-02 -1.209710550e-02 2.566838977e-02 1.471266596e-02 -1.482193281e-02 -1.051775600e-02 9.263238293e-03 3.773472317e-03 -8.061849427e-03 1.706118809e-03 8.527479972e-03 -4.296921852e-03 -8.182213337e-03 4.554890960e-03 5.728786102e-03 -3.978730015e-03 
2.913111111e-01 -4.982442234e-02 1.387097212e-02 5.242429333e-02 3.669423840e-03 -3.914324914e-02 -1.536590027e-02 2.293394952e-02 1.562917773e-02 -1.224332990e-02 -8.331283652e-03 8.869212654e-03 1.654239879e-04 -9.710978644e-03 4.453776239e-03 1.056616380e-02 -5.138311242e-03 -9.096223347e-03 4.121954778e-03 5.324143914e-03 -3.583950715e-03 
3.113111111e-01 -5.467442455e-02 1.455684293e-02 5.540011415e-02 6.521508425e-03 -3.797106506e-02 -1.820556256e-02 1.975357092e-02 1.526373604e-02 -1.052203210e-02 -5.037704081e-03 9.969673725e-03 -3.297919646e-03 -1.219594016e-02 5.832768070e-03 1.215584748e-02 -4.493964357e-03 -8.895894417e-03 3.124564395e-03 4.274819091e-03 -3.472058555e-03 
3.313111111e-01 -5.928690872e-02 1.490474487e-02 5.758119044e-02 9.652072236e-03 -3.590791044e-02 -2.046678311e-02 1.668224728e-02 1.373321887e-02 -1.007690739e-02 -1.284733523e-03 1.230972477e-02 -5.762775792e-03 -1.463890275e-02 5.525380874e-03 1.255221279e-02 -2.909173266e-03 -7.625738742e-03 2.408199416e-03 3.134847687e-03 -3.956885081e-03 
3.513111111e-01 -6.370842547e-02 1.494301578e-02 5.905953717e-02 1.292871871e-02 -3.326677640e-02 -2.200370689e-02 1.418976551e-02 1.122497040e-02 -1.102746075e-02 2.322616167e-03 1.530979929e-02 -6.778703335e-03 -1.622746014e-02 3.889511584e-03 1.158501111e-02 -1.361752622e-03 -5.919785542e-03 2.646761328e-03 2.512484846e-03 -4.957441255e-03 
3.713111111e-01 -6.796346218e-02 1.474754647e-02 5.991276465e-02 1.617461057e-02 -3.032851595e-02 -2.267661495e-02 1.258963920e-02 7.953314653e-03 -1.320325942e-02 5.334022806e-03 1.825826504e-02 -6.359655504e-03 -1.649028159e-02 1.747841740e-03 9.682217224e-03 -7.842661613e-04 -4.629517741e-03 3.993224859e-03 2.704718955e-03 -6.068086517e-03 
3.913111111e-01 -7.203618323e-02 1.440641706e-02 6.018096939e-02 1.921394166e-02 -2.730937597e-02 -2.239292711e-02 1.201888714e-02 4.162897048e-03 -1.621843120e-02 7.473054286e-03 2.050961632e-02 -4.875796848e-03 -1.541447134e-02 2.333241173e-05 7.637431012e-03 -1.649065724e-03 -4.383387860e-03 6.018356561e-03 3.545048545e-03 -6.798633756e-03 
4.113111111e-01 -7.587872030e-02 1.397893248e-02 5.987608057e-02 2.192313485e-02 -2.436594306e-02 -2.115360579e-02 1.246436552e-02 1.470962181e-04 -1.958262218e-02 8.603066171e-03 2.163485788e-02 -2.863852250e-03 -1.339596094e-02 -6.059156553e-04 6.259062781e-03 -3.792860792e-03 -5.298839615e-03 7.936887455e-03 4.515314718e-03 -6.840104433e-03 
4.313111111e-01 -7.943452899e-02 1.346947415e-02 5.901044264e-02 2.426216413e-02 -2.162182697e-02 -1.907898158e-02 1.381218057e-02 -3.745917212e-03 -2.281184648e-02 8.682368832e-03 2.149470150e-02 -8.433478750e-04 -1.107249985e-02 9.069423898e-05 6.060698158e-03 -6.520572275e-03 -6.960410790e-03 8.983133255e-03 5.033346454e-03 -6.219996005e-03 
4.513111111e-01 -8.265188749e-02 1.281617423e-02 5.762081133e-02 2.628620582e-02 -1.919063718e-02 -1.641979457e-02 1.588832950e-02 -7.117248947e-03 -2.550926121e-02 7.724601240e-03 2.023727071e-02 8.192213807e-04 -9.117558553e-03 1.862086152e-03 7.106977189e-03 -8.896652838e-03 -8.648152287e-03 8.746290854e-03 4.767226803e-03 -5.280688448e-03 
4.713111111e-01 -8.545304220e-02 1.186383210e-02 5.576307912e-02 2.817754597e-02 -1.716618741e-02 -1.360959771e-02 1.845502764e-02 -9.486702869e-03 -2.740340293e-02 5.737350682e-03 1.824931203e-02 2.028983506e-03 -8.065982291e-03 4.034383621e-03 9.057134245e-03 -1.005978987e-02 -9.723737262e-03 7.307836334e-03 3.861017105e-03 -4.491868670e-03 
4.913111111e-01 -8.764646622e-02 1.029611984e-02 5.346331735e-02 3.033772613e-02 -1.554345971e-02 -1.139876380e-02 2.113525869e-02 -1.021202204e-02 -2.834886923e-02 2.607349262e-03 1.606419585e-02 3.127959127e-03 -8.174900031e-03 5.575123081e-03 1.137605566e-02 -9.419761148e-03 -1.004614217e-02 5.077287173e-03 2.995490576e-03 -4.128451069e-03 
5.113111111e-01 -8.898834225e-02 7.746766617e-03 5.068891331e-02 3.327439336e-02 -1.411347348e-02 -1.063481263e-02 2.339410563e-02 -8.739363541e-03 -2.827291334e-02 -1.834573721e-03 1.404788102e-02 4.811266165e-03 -9.203596009e-03 5.439286619e-03 1.351305192e-02 -6.766325728e-03 -9.975283928e-03 2.331842583e-03 2.971430568e-03 -3.893429298e-03 
5.313111111e-01 -8.957470842e-02 4.299835786e-03 4.745665745e-02 3.696145373e-02 -1.261228050e-02 -1.127048557e-02 2.485756973e-02 -5.402077777e-03 -2.707509100e-02 -7.264959421e-03 1.199072966e-02 7.241382319e-03 -1.035885213e-02 3.485807173e-03 1.480271512e-02 -2.458940589e-03 -9.518797425e-03 -8.880370545e-04 3.749549813e-03 -3.101778331e-03 
5.513111111e-01 -8.973931556e-02 4.034025588e-04 4.384620490e-02 4.087514138e-02 -1.094648373e-02 -1.250394808e-02 2.546690276e-02 -1.131804052e-03 -2.466727656e-02 -1.288767849e-02 9.495283112e-03 9.798124116e-03 -1.089313900e-02 4.683887412e-04 1.460582680e-02 2.630173854e-03 -8.189581752e-03 -4.214038908e-03 4.537854076e-03 -1.534244157e-03 
5.713111111e-01 -8.966511887e-02 -3.641730790e-03 3.990317190e-02 4.463174629e-02 -9.115679327e-03 -1.377505125e-02 2.523956697e-02 3.421651322e-03 -2.107096148e-02 -1.804264574e-02 6.451777499e-03 1.187590984e-02 -1.046672689e-02 -2.856070686e-03 1.266116575e-02 7.558414258e-03 -5.768910900e-03 -6.996132483e-03 4.695668105e-03 4.807569645e-04 
5.913111111e-01 -8.940007229e-02 -7.720311685e-03 3.564892867e-02 4.806791882e-02 -7.135972391e-03 -1.486355109e-02 2.418720351e-02 7.927659735e-03 -1.641977042e-02 -2.231875915e-02 2.980491495e-03 1.314334088e-02 -9.026802621e-03 -5.967544289e-03 9.107285013e-03 1.154913243e-02 -2.475309067e-03 -8.675670689e-03 3.987380360e-03 2.457980288e-03 
6.113111111e-01 -8.895113581e-02 -1.179304045e-02 3.110745163e-02 5.111617858e-02 -5.032602145e-03 -1.569242273e-02 2.233822636e-02 1.218591339e-02 -1.093112934e-02 -2.545035963e-02 -6.951748163e-04 1.344980177e-02 -6.687704814e-03 -8.493959556e-03 4.371330649e-03 1.403144355e-02 1.204110689e-03 -8.929534767e-03 2.489794480e-03 3.952248708e-03 
6.313111111e-01 -8.831836371e-02 -1.584346077e-02 2.631045286e-02 5.374087472e-02 -2.838919245e-03 -1.623138042e-02 1.974907880e-02 1.604185778e-02 -4.880193917e-03 -2.726292790e-02 -4.312827317e-03 1.275677054e-02 -3.675791677e-03 -1.016364719e-02 -9.353685550e-04 1.466418939e-02 4.674899182e-03 -7.700376198e-03 4.893894623e-04 4.641956337e-03 
6.513111111e-01 -8.750201570e-02 -1.986124320e-02 2.129532679e-02 5.591763789e-02 -5.934587130e-04 -1.646674398e-02 1.650349390e-02 1.936406859e-02 1.422395579e-03 -2.765931175e-02 -7.606344375e-03 1.111199195e-02 -2.928233541e-04 -1.080336558e-02 -6.116301677e-03 1.336013738e-02 7.363886312e-03 -5.188645031e-03 -1.609285026e-03 4.380829862e-03 
6.713111111e-01 -8.650327834e-02 -2.383761370e-02 1.610294326e-02 5.762776989e-02 1.662641477e-03 -1.639330474e-02 1.270858842e-02 2.204124010e-02 7.650417407e-03 -2.661823174e-02 -1.033104924e-02 8.637374002e-03 3.119278226e-03 -1.034732422e-02 -1.048828921e-02 1.029070787e-02 8.824238466e-03 -1.811989442e-03 -3.377183281e-03 3.221138165e-03 
6.913111111e-01 -8.532403838e-02 -2.776421070e-02 1.077630399e-02 5.885690458e-02 3.887391306e-03 -1.601228725e-02 8.490436355e-03 2.398406990e-02 1.348060979e-02 -2.419366100e-02 -1.228382610e-02 5.517567811e-03 6.214767728e-03 -8.841601320e-03 -1.347399568e-02 5.861334582e-03 8.812853089e-03 1.866773179e-03 -4.451941986e-03 1.400533541e-03 
7.113111111e-01 -8.396669114e-02 -3.163283501e-02 5.359761972e-03 5.959477482e-02 6.039155380e-03 -1.533081879e-02 3.989456923e-03 2.512781847e-02 1.861007865e-02 -2.051159679e-02 -1.331892444e-02 1.985591046e-03 8.679735037e-03 -6.438916816e-03 -1.467896601e-02 6.573485897e-04 7.331741852e-03 5.234209936e-03 -4.613118846e-03 -7.074560884e-04 
7.313111111e-01 -8.243405004e-02 -3.543541400e-02 -1.015043543e-04 5.983522484e-02 8.077591104e-03 -1.436168596e-02 -6.444259777e-04 2.543438213e-02 2.277225311e-02 -1.576341695e-02 -1.335905524e-02 -1.694714647e-03 1.026414771e-02 -3.383014867e-03 -1.394398815e-02 -4.633510924e-03 4.627932394e-03 7.728754666e-03 -3.827663231e-03 -2.670274510e-03 
7.513111111e-01 -8.072930911e-02 -3.916401122e-02 -5.561920477e-03 5.957624994e-02 9.964458989e-03 -1.312307471e-02 -5.256835339e-03 2.489354919e-02 2.575080984e-02 -1.019591438e-02 -1.240122982e-02 -5.248421673e-03 1.080727873e-02 1.608850122e-05 -1.136620329e-02 -9.312016949e-03 1.152336367e-03 8.934400997e-03 -2.256758053e-03 -4.085145379e-03 
7.713111111e-01 -7.885602591e-02 -4.281084323e-02 -1.097591251e-02 5.882001264e-02 1.166435687e-02 -1.163822666e-02 -9.694102392e-03 2.352333943e-02 2.739093747e-02 -4.098466995e-03 -1.051700220e-02 -8.410059251e-03 1.025403052e-02 3.413560009e-03 -7.286287233e-03 -1.275986884e-02 -2.515431209e-03 8.650086839e-03 -2.227589094e-04 -4.661732099e-03 
7.913111111e-01 -7.681811104e-02 -4.636829670e-02 -1.629829233e-02 5.757282533e-02 1.314538906e-02 -9.935003224e-03 -1.380839166e-02 2.136940433e-02 2.760738906e-02 2.212003074e-03 -7.847129180e-03 -1.094344529e-02 8.660529519e-03 6.464732162e-03 -2.243432470e-03 -1.452140640e-02 -5.763708527e-03 6.923226088e-03 1.856951052e-03 -4.281716922e-03 
8.113111111e-01 -7.461981907e-02 -4.982894466e-02 -2.148463603e-02 5.584509795e-02 1.437976616e-02 -8.045363141e-03 -1.746262783e-02 1.850350647e-02 2.638891439e-02 8.407501726e-03 -4.591056763e-03 -1.265932971e-02 6.188433560e-03 8.860069032e-03 3.095909070e-03 -1.436382886e-02 -8.050790977e-03 4.041801573e-03 3.555608809e-03 -3.023080030e-03 
8.313111111e-01 -7.226573947e-02 -5.318556216e-02 -2.649165507e-02 5.365125127e-02 1.534432681e-02 -6.004762922e-03 -2.053506302e-02 1.502112875e-02 2.379884513e-02 1.416601068e-02 -9.920213842e-04 -1.342953180e-02 3.088532285e-03 1.035656803e-02 8.026102496e-03 -1.230796129e-02 -8.995269295e-03 4.863390194e-04 4.524644458e-03 -1.144097629e-03 
8.513111111e-01 -6.976078699e-02 -5.643114143e-02 -3.127755762e-02 5.100959655e-02 1.602097236e-02 -3.851491619e-03 -2.292333316e-02 1.103829329e-02 1.997180314e-02 1.918822471e-02 2.681120372e-03 -1.319651561e-02 -3.246949657e-04 1.080241206e-02 1.189558498e-02 -8.625502334e-03 -8.439635921e-03 -3.150228702e-03 4.565208844e-03 9.696571970e-04 
8.713111111e-01 -6.711019132e-02 -5.955890651e-02 -3.580239746e-02 4.794218276e-02 1.639700649e-02 -1.625952396e-03 -2.454786846e-02 6.687695903e-03 1.510670339e-02 2.321310838e-02 6.153975997e-03 -1.197768801e-02 -3.704982502e-03 1.015237104e-02 1.419297475e-02 -3.803117153e-03 -6.476552020e-03 -6.261443067e-03 3.668978027e-03 2.884435319e-03 
8.913111111e-01 -6.431948627e-02 -6.256232740e-02 -4.002840733e-02 4.447461251e-02 1.646537344e-02 6.300955791e-04 -2.535454438e-02 2.114285083e-03 9.456415120e-03 2.603146367e-02 9.167114834e-03 -9.864098356e-03 -6.709406307e-03 8.472390458e-03 1.461465417e-02 1.521879101e-03 -3.433394686e-03 -8.328457017e-03 2.019861388e-03 4.207318248e-03 
9.113111111e-01 -6.139449812e-02 -6.543513371e-02 -4.392031424e-02 4.063582839e-02 1.622479040e-02 2.874320681e-03 -2.531648498e-02 -2.529567203e-03 3.314618645e-03 2.749680329e-02 1.149544818e-02 -7.013636859e-03 -9.033173053e-03 5.932901285e-03 1.310489505e-02 6.645747370e-03 1.823386698e-04 -9.006561384e-03 -4.373715445e-05 4.666846251e-03 
9.313111111e-01 -5.834133353e-02 -6.817132774e-02 -4.744563380e-02 3.645787136e-02 1.567977158e-02 5.064613124e-03 -2.443495829e-02 -7.089142102e-03 -2.999459000e-03 2.753296449e-02 1.296504393e-02 -3.639239844e-03 -1.044054083e-02 2.791530075e-03 9.863223643e-03 1.089132920e-02 3.767664001e-03 -8.182670917e-03 -2.098360696e-03 4.168722737e-03 
9.513111111e-01 -5.516636674e-02 -7.076519698e-02 -5.057494143e-02 3.197561338e-02 1.484054351e-02 7.159875098e-03 -2.273933404e-02 -1.141252862e-02 -9.157636265e-03 2.613806776e-02 1.346611976e-02 7.017128198e-06 -1.078873475e-02 -6.330367806e-04 5.318051655e-03 1.369753843e-02 6.724668308e-03 -5.994183139e-03 -3.722394028e-03 2.815164217e-03 
9.713111111e-01 -5.187622630e-02 -7.321132610e-02 -5.328211789e-02 2.722646624e-02 1.372285313e-02 9.120791906e-03 -2.028610523e-02 -1.535568484e-02 -1.483983471e-02 2.338461447e-02 1.296124411e-02 3.652749904e-03 -1.004243116e-02 -3.993383207e-03 7.005839301e-05 1.469351300e-02 8.560221639e-03 -2.806065010e-03 -4.582580408e-03 8.839251524e-04 
9.913111111e-01 -4.847778120e-02 -7.550460816e-02 -5.554456735e-02 2.225006942e-02 1.234767237e-02 1.091056965e-02 -1.715700587e-02 -1.878723694e-02 -1.975071543e-02 1.941571858e-02 1.148813239e-02 7.025613489e-03 -8.277341209e-03 -6.948608175e-03 -5.187193623e-03 1.374762724e-02 8.968214758e-03 8.500114176e-04 -4.502406886e-03 -1.228698131e-03 
1.011311111e+00 -4.497812654e-02 -7.764025539e-02 -5.734340593e-02 1.708795913e-02 1.074080459e-02 1.249562563e-02 -1.345628793e-02 -2.159285617e-02 -2.363502970e-02 1.443766807e-02 9.156829593e-03 9.873646872e-03 -5.672530057e-03 -9.198909490e-03 -9.758918256e-03 1.098488721e-02 7.880607984e-03 4.364334217e-03 -3.498325323e-03 -3.089188697e-03 
1.031311111e+00 -4.138456875e-02 -7.961380906e-02 -5.866361937e-02 1.178322168e-02 8.932400445e-03 1.384621845e-02 -9.307247915e-03 -2.367906794e-02 -2.629088573e-02 8.709202927e-03 6.141489631e-03 1.198409512e-02 -2.492251054e-03 -1.051599818e-02 -1.304092707e-02 6.770410157e-03 5.478777948e-03 7.150831249e-03 -1.776376409e-03 -4.315768034e-03 
1.051311111e+00 -3.770461026e-02 -8.142114891e-02 -5.949418831e-02 6.380133848e-03 6.956392147e-03 1.493700610e-02 -4.848119070e-03 -2.497636610e-02 -2.758024232e-02 2.528066808e-03 2.667365643e-03 1.319930268e-02 9.408622812e-04 -1.076625800e-02 -1.459947744e-02 1.661171529e-03 2.163270003e-03 8.744807502e-03 3.100905266e-04 -4.656738208e-03 
1.071311111e+00 -3.394593392e-02 -8.305850164e-02 -5.982818029e-02 9.237932922e-04 4.849856758e-03 1.574752147e-02 -2.274658310e-04 -2.544152868e-02 -2.743608365e-02 -3.784468531e-03 -1.006016965e-03 1.342849063e-02 4.278526851e-03 -9.924300532e-03 -1.422859501e-02 -3.667603644e-03 -1.512999417e-03 8.880440762e-03 2.332925911e-03 -4.042131067e-03 
