# nmin = 1 nmax = 11 
#   t        rebeta             imbeta
#
#
-4.886888889e-01 0.000000000e+00 0.000000000e+00 0.000000000e+00 0.000000000e+00 0.000000000e+00 0.000000000e+00 0.000000000e+00 0.000000000e+00 0.000000000e+00 0.000000000e+00 0.000000000e+00 0.000000000e+00 0.000000000e+00 0.000000000e+00 0.000000000e+00 -4.336808690e-19 0.000000000e+00 0.000000000e+00 0.000000000e+00 0.000000000e+00 
-4.686888889e-01 0.000000000e+00 0.000000000e+00 0.000000000e+00 0.000000000e+00 0.000000000e+00 0.000000000e+00 0.000000000e+00 0.000000000e+00 0.000000000e+00 0.000000000e+00 0.000000000e+00 0.000000000e+00 0.000000000e+00 0.000000000e+00 -2.220446049e-16 -1.665334537e-16 0.000000000e+00 0.000000000e+00 0.000000000e+00 0.000000000e+00 
-4.486888889e-01 0.000000000e+00 0.000000000e+00 0.000000000e+00 0.000000000e+00 0.000000000e+00 0.000000000e+00 0.000000000e+00 0.000000000e+00 0.000000000e+00 0.000000000e+00 0.000000000e+00 0.000000000e+00 0.000000000e+00 0.000000000e+00 -3.885780586e-16 -3.885780586e-16 0.000000000e+00 0.000000000e+00 0.000000000e+00 0.000000000e+00 
-4.286888889e-01 -1.858312317e-19 5.716427275e-19 2.564980406e-19 -7.186867660e-19 -3.073920958e-19 7.894647759e-19 3.479542412e-19 -8.234314910e-19 -3.818645350e-19 8.363692378e-19 4.109977219e-19 -8.362466465e-19 -4.364513605e-19 8.275904236e-19 -6.245004514e-17 -6.106226635e-16 -4.789018662e-19 7.947635369e-19 4.967157802e-19 -7.735685407e-19 
-4.086888889e-01 6.231924429e-20 1.825972341e-18 2.462487632e-20 -2.297663872e-18 -1.394958651e-19 2.520795333e-18 2.617208525e-19 -2.620519493e-18 -3.824445485e-19 2.647441572e-18 4.971944139e-19 -2.627609841e-18 -6.035592747e-19 2.576244415e-18 4.996003611e-16 -1.054711873e-15 -7.865031848e-19 2.414445255e-18 8.621057393e-19 -2.315184481e-18 
-3.886888889e-01 2.993268610e-18 5.272494508e-18 -3.443274970e-18 -6.744367750e-18 3.434662342e-18 7.510148541e-18 -3.226860854e-18 -7.913971040e-18 2.926681656e-18 8.096357106e-18 -2.588574069e-18 -8.131413730e-18 2.243192227e-18 8.064036379e-18 1.221245327e-15 -8.326672685e-16 1.595714224e-18 7.732696001e-18 -1.310652951e-18 -7.505792335e-18 
-3.686888889e-01 1.909429367e-17 1.130865366e-17 -2.324377403e-17 -1.506810677e-17 2.468726413e-17 1.739912053e-17 -2.487298208e-17 -1.894423343e-17 2.439277815e-17 1.996886968e-17 -2.354982153e-17 -2.061918006e-17 2.251711590e-17 2.098942832e-17 1.332267630e-15 1.665334537e-16 2.026078641e-17 2.114245632e-17 -1.914185057e-17 -2.101670733e-17 
-3.486888889e-01 8.365993122e-17 1.902817494e-18 -1.043677862e-16 -6.468396952e-18 1.136078871e-16 1.133644793e-17 -1.173113891e-16 -1.597911646e-17 1.178978210e-16 2.019619506e-17 -1.166156871e-16 -2.392051580e-17 1.141883141e-16 2.714826372e-17 7.771561172e-16 6.661338148e-16 1.075290366e-16 3.223966220e-17 -1.037737010e-16 -3.419366221e-17 
-3.286888889e-01 2.811002776e-16 -1.473351331e-16 -3.584062452e-16 1.703541693e-16 3.983098474e-16 -1.712718743e-16 -4.194816932e-16 1.626843690e-16 4.295431623e-16 -1.496762752e-16 -4.324737610e-16 1.347569306e-16 4.306283044e-16 -1.192753238e-16 -2.220446049e-16 9.436895709e-16 4.181263344e-16 -8.929705333e-17 -4.091768633e-16 7.544539087e-17 
-3.086888889e-01 6.647710000e-16 -1.004377347e-15 -8.799105383e-16 1.222559092e-15 1.011284425e-15 -1.298713754e-15 -1.097826783e-15 1.308833814e-15 1.155493816e-15 -1.283757094e-15 -1.192854314e-15 1.239125005e-15 1.215212205e-15 -1.183773189e-15 -1.110223025e-15 1.609823386e-15 1.228251986e-15 -1.060141413e-15 -1.223432784e-15 9.972728205e-16 
-2.886888889e-01 3.739679735e-16 -4.554809145e-15 -6.907447968e-16 5.673703006e-15 9.888062253e-16 -6.167079391e-15 -1.258541927e-15 6.358722191e-15 1.496510265e-15 -6.380341595e-15 -1.702512388e-15 6.299667052e-15 1.877972920e-15 -6.155867199e-15 -2.053912596e-15 6.494804694e-15 2.146446312e-15 -5.767652302e-15 -2.244647581e-15 5.549648218e-15 
-2.686888889e-01 -7.081510879e-15 -1.582636991e-14 8.072898863e-15 2.012530673e-14 -7.983132649e-15 -2.231022196e-14 7.436125992e-15 2.343994722e-14 -6.684202820e-15 -2.394612766e-14 5.851914667e-15 2.405369841e-14 -5.006138834e-15 -2.389564659e-14 3.774758284e-15 2.381428388e-14 -3.405533803e-15 -2.309513938e-14 2.681419444e-15 2.255013187e-14 
-2.486888889e-01 -5.246665251e-14 -3.967199633e-14 6.361873271e-14 5.215185189e-14 -6.731285557e-14 -5.957932963e-14 6.755858655e-14 6.433418890e-14 -6.598383687e-14 -6.739039826e-14 6.341384859e-14 6.926833131e-14 -6.031394962e-14 -7.028810572e-14 5.656586310e-14 7.087386233e-14 -5.353158477e-14 -7.055237405e-14 5.012883317e-14 7.006467677e-14 
-2.286888889e-01 -2.469262695e-13 -3.599830089e-14 3.068081882e-13 5.710506201e-14 -3.326628817e-13 -7.504536831e-14 3.421694471e-13 9.040268924e-14 -3.425199904e-13 -1.034399653e-13 3.374090210e-13 1.143792395e-13 -3.289683550e-13 -1.234345568e-13 3.181899189e-13 1.307287611e-13 -3.069055052e-13 -1.367097684e-13 2.947020861e-13 1.413084133e-13 
-2.086888889e-01 -8.866768373e-13 3.316115491e-13 1.124323597e-12 -3.708847259e-13 -1.243062645e-12 3.584965045e-13 1.302733437e-12 -3.248175577e-13 -1.327726274e-12 2.821177638e-13 1.330728948e-12 -2.364106756e-13 -1.319219341e-12 1.908805910e-13 1.297295604e-12 -1.476041511e-13 -1.270136105e-12 1.064239686e-13 1.237970819e-12 -6.883203030e-14 
-1.886888889e-01 -2.341625385e-12 2.722916449e-12 3.059885248e-12 -3.287803164e-12 -3.477263539e-12 3.463629232e-12 3.737186161e-12 -3.460722497e-12 -3.898312153e-12 3.364448646e-12 3.991830287e-12 -3.217987140e-12 -4.036779943e-12 3.045590433e-12 4.045402902e-12 -2.862321491e-12 -4.027960725e-12 2.675113964e-12 3.989732304e-12 -2.491356459e-12 
-1.686888889e-01 -2.808099310e-12 1.333169339e-11 4.163498869e-12 -1.652231348e-11 -5.229695485e-12 1.786963949e-11 6.099099118e-12 -1.833501541e-11 -6.810701353e-12 1.830943769e-11 7.389270776e-12 -1.799345341e-11 -7.853777393e-12 1.750248450e-11 8.219702696e-12 -1.690797502e-11 -8.501545053e-12 1.625474624e-11 8.710294183e-12 -1.557399321e-11 
-1.486888889e-01 1.502989043e-11 4.945222058e-11 -1.635519881e-11 -6.253631722e-11 1.527310878e-11 6.896398622e-11 -1.323337582e-11 -7.210002441e-11 1.082096626e-11 7.331552759e-11 -8.320062294e-12 -7.332246479e-11 5.878547224e-12 7.253921685e-11 -3.574029961e-12 -7.123213130e-11 1.444716856e-12 6.957508284e-11 4.934044872e-13 -6.769348995e-11 
-1.286888889e-01 1.403451569e-10 1.369309468e-10 -1.686637052e-10 -1.780057822e-10 1.768136815e-10 2.013516743e-10 -1.757642242e-10 -2.155050155e-10 1.699658386e-10 2.239548063e-10 -1.616644697e-10 -2.285485529e-10 1.521163825e-10 2.304068546e-10 -1.420635831e-10 -2.302710522e-10 1.319591952e-10 2.286561658e-10 -1.220772485e-10 -2.259431048e-10 
-1.086888889e-01 7.168225562e-10 1.987188062e-10 -8.860341163e-10 -2.835133078e-10 9.557952917e-10 3.462297706e-10 -9.781732896e-10 -3.951993733e-10 9.743399870e-10 4.338872022e-10 -9.551383690e-10 -4.643304180e-10 9.267928059e-10 4.879583945e-10 -8.931231865e-10 -5.058753139e-10 8.565823347e-10 5.189779130e-10 -8.187721957e-10 -5.280189380e-10 
-8.868888889e-02 2.746197398e-09 -6.494501499e-10 -3.463698522e-09 6.768111544e-10 3.810235080e-09 -5.958119385e-10 -3.974126297e-09 4.739149032e-10 4.032089136e-09 -3.382946586e-10 -4.023893335e-09 2.019956148e-10 3.972843630e-09 -7.164167923e-11 -3.893660783e-09 -4.945133192e-11 3.796126332e-09 1.597976212e-10 -3.686953050e-09 -2.589559742e-10 
-6.868888889e-02 7.942555875e-09 -7.178022619e-09 -1.027782172e-08 8.580294673e-09 1.157788783e-08 -8.944353344e-09 -1.234551031e-08 8.838646011e-09 1.278606349e-08 -8.493721167e-09 -1.300791836e-08 8.025627478e-09 1.307644356e-08 -7.498977576e-09 -1.303452191e-08 6.951700715e-09 1.291194079e-08 -6.406606383e-09 -1.273022414e-08 5.877436507e-09 
-4.868888889e-02 1.328571105e-08 -3.837853483e-08 -1.848629239e-08 4.730819918e-08 2.214288999e-08 -5.089447976e-08 -2.488797241e-08 5.194596815e-08 2.698293595e-08 -5.160444540e-08 -2.857595858e-08 5.045376431e-08 2.976626571e-08 -4.882819191e-08 -3.062710235e-08 4.693219346e-08 3.121578891e-08 -4.489603504e-08 -3.157877334e-08 4.280473449e-08 
-2.868888889e-02 -2.597305725e-08 -1.518657993e-07 2.500393592e-08 1.910559045e-07 -1.940214052e-08 -2.096607490e-07 1.219804610e-08 2.181730673e-07 -4.609376307e-09 -2.208663073e-07 -2.789425588e-09 2.199522306e-07 9.717317653e-09 -2.167234114e-07 -1.604411365e-08 2.119934239e-07 2.172226583e-08 -2.063000628e-07 -2.675074733e-08 2.000107368e-07 
-8.688888889e-03 -3.638757937e-07 -4.573823043e-07 4.322726399e-07 5.894331484e-07 -4.476494071e-07 -6.615181543e-07 4.392555794e-07 7.029802940e-07 -4.189490545e-07 -7.258004048e-07 3.926815161e-07 7.362812465e-07 -3.637494641e-07 -7.382060777e-07 3.340725285e-07 7.340414042e-07 -3.047916696e-07 -7.254877075e-07 2.765819224e-07 7.137626471e-07 
1.131111111e-02 -2.045224242e-06 -8.554751021e-07 2.513837532e-06 1.169446394e-06 -2.696640147e-06 -1.380965072e-06 2.744473216e-06 1.534121130e-06 -2.718644486e-06 -1.647071428e-06 2.650454322e-06 1.729890843e-06 -2.557773277e-06 -1.789130624e-06 2.451488558e-06 1.829479759e-06 -2.338497691e-06 -1.854500034e-06 2.223259085e-06 1.866981089e-06 
3.131111111e-02 -8.357805046e-06 8.917486401e-07 1.048805324e-05 -7.039229505e-07 -1.148145526e-05 3.346669765e-07 1.191973706e-05 8.706026692e-08 -1.203977376e-05 -5.096266512e-07 1.196397171e-05 9.093422417e-07 -1.176367101e-05 -1.275329989e-06 1.148359015e-05 1.603266396e-06 -1.115308487e-05 -1.892332530e-06 1.079176520e-05 2.143420622e-06 
5.131111111e-02 -2.610911827e-05 1.817858280e-05 3.351961923e-05 -2.143127921e-05 -3.748703438e-05 2.201101335e-05 3.970666572e-05 -2.140566967e-05 -4.087047136e-05 2.021829946e-05 4.134145730e-05 -1.875066523e-05 -4.133640969e-05 1.716896305e-05 4.099543323e-05 -1.556916150e-05 -4.041320132e-05 1.400772989e-05 3.965106212e-05 -1.251833648e-05 
7.131111111e-02 -5.341674983e-05 1.070814694e-04 7.203586464e-05 -1.311380167e-04 -8.409827786e-05 1.401462180e-04 9.251168805e-05 -1.420812107e-04 -9.847033979e-05 1.401857938e-04 1.026265482e-04 -1.361135677e-04 -1.053934806e-04 1.308055707e-04 1.070543827e-04 -1.248308510e-04 -1.078027933e-04 1.185418726e-04 1.077090478e-04 -1.121360876e-04 
9.131111111e-02 1.307480942e-05 4.397693419e-04 5.930808892e-06 -5.497096875e-04 -2.984581743e-05 5.992376652e-04 5.410813457e-05 -6.192893655e-04 -7.688829123e-05 6.224840823e-04 9.738348268e-05 -6.153377557e-04 -1.152543229e-04 6.016205286e-04 1.303604687e-04 -5.836292076e-04 -1.425491853e-04 5.626888029e-04 1.510445989e-04 -5.388638653e-04 
1.113111111e-01 7.171287255e-04 1.319162192e-03 -8.215868115e-04 -1.682120277e-03 8.168231870e-04 1.865940035e-03 -7.658677638e-04 -1.957682604e-03 6.945752740e-04 1.993084793e-03 -6.159890892e-04 -1.990872551e-03 5.373904197e-04 1.961936877e-03 -4.632205648e-04 -1.912499838e-03 3.968348165e-04 1.844388361e-03 -3.435120120e-04 -1.747954286e-03 
1.313111111e-01 3.355241805e-03 2.629337121e-03 -3.983364111e-03 -3.470353021e-03 4.109267085e-03 3.951461483e-03 -4.006470046e-03 -4.223514743e-03 3.789813082e-03 4.349762973e-03 -3.519369335e-03 -4.364900507e-03 3.229815372e-03 4.289427527e-03 -2.942003136e-03 -4.132689632e-03 2.668022986e-03 3.886787901e-03 -2.409488839e-03 -3.480734862e-03 
1.513111111e-01 8.589531596e-03 3.140438677e-03 -1.023045153e-02 -4.557553970e-03 1.053088484e-02 5.519064445e-03 -1.019636535e-02 -6.118754502e-03 9.539073737e-03 6.403951446e-03 -8.731499118e-03 -6.412285101e-03 7.876593723e-03 6.174310647e-03 -7.033981586e-03 -5.706410242e-03 6.226172254e-03 4.987251617e-03 -5.397219786e-03 -3.844325307e-03 
1.713111111e-01 1.505202896e-02 1.984226033e-03 -1.780261953e-02 -4.063804828e-03 1.801648598e-02 5.759195884e-03 -1.700088408e-02 -6.867212053e-03 1.539115836e-02 7.343678135e-03 -1.356553716e-02 -7.227958233e-03 1.175521245e-02 6.598533147e-03 -1.008481334e-02 -5.536611907e-03 8.578310980e-03 4.079110521e-03 -7.058861402e-03 -2.083062577e-03 
1.913111111e-01 2.124852491e-02 -2.469104299e-04 -2.483717287e-02 -2.822112094e-03 2.446869991e-02 5.598149483e-03 -2.218920054e-02 -7.342037641e-03 1.912149212e-02 7.886665956e-03 -1.597022659e-02 -7.352444984e-03 1.314492193e-02 5.996635100e-03 -1.081394462e-02 -4.105588231e-03 8.925583898e-03 1.906436068e-03 -7.079576338e-03 5.367204751e-04 
2.113111111e-01 2.685124643e-02 -2.599774927e-03 -3.092465911e-02 -1.983348528e-03 2.941681512e-02 6.150454955e-03 -2.533090411e-02 -8.455781092e-03 2.051105367e-02 8.690945229e-03 -1.610295214e-02 -7.271874440e-03 1.265739191e-02 4.866610781e-03 -1.023208600e-02 -2.128431257e-03 8.498289954e-03 -4.737853183e-04 -6.674648685e-03 2.711866712e-03 
2.313111111e-01 3.223814620e-02 -4.659682157e-03 -3.650196349e-02 -1.960183828e-03 3.332300458e-02 7.649086485e-03 -2.703187012e-02 -1.016762921e-02 2.047927363e-02 9.507015063e-03 -1.527842490e-02 -6.736678338e-03 1.190697587e-02 3.198042618e-03 -9.995596025e-03 4.504492927e-05 8.690296116e-03 -2.459965503e-03 -6.786481088e-03 3.980365548e-03 
2.513111111e-01 3.776582387e-02 -6.606173789e-03 -4.196232007e-02 -2.416652869e-03 3.662730663e-02 9.514998743e-03 -2.793598017e-02 -1.166692072e-02 2.000697388e-02 9.486280913e-03 -1.475518504e-02 -5.143386758e-03 1.215371631e-02 8.057013859e-04 -1.102203423e-02 2.271539284e-03 9.892502734e-03 -3.920457086e-03 -7.407260681e-03 4.622402008e-03 
2.713111111e-01 4.340242837e-02 -8.819923229e-03 -4.722709155e-02 -2.783495702e-03 3.930449620e-02 1.096138921e-02 -2.825740024e-02 -1.205594921e-02 1.960029489e-02 7.901837526e-03 -1.511253411e-02 -2.191747440e-03 1.367544522e-02 -2.198732702e-03 -1.305089156e-02 4.355259840e-03 1.143030146e-02 -4.980654838e-03 -7.872235665e-03 5.194411879e-03 
2.913111111e-01 4.880027988e-02 -1.146582832e-02 -5.185351544e-02 -2.775923978e-03 4.098792941e-02 1.156501548e-02 -2.788138812e-02 -1.094320660e-02 1.933154619e-02 4.693514707e-03 -1.626448317e-02 1.725725334e-03 1.589622729e-02 -5.227070422e-03 -1.505101251e-02 5.971215253e-03 1.224901318e-02 -5.807909806e-03 -7.548531606e-03 6.064221774e-03 
3.113111111e-01 5.362643580e-02 -1.434029837e-02 -5.544499787e-02 -2.572059503e-03 4.140093359e-02 1.144974279e-02 -2.676731794e-02 -8.600726400e-03 1.920028129e-02 5.266175923e-04 -1.785771193e-02 5.632537559e-03 1.796427622e-02 -7.444034079e-03 -1.602362719e-02 6.816980710e-03 1.174513301e-02 -6.513200747e-03 -6.375459225e-03 7.209826785e-03 
3.313111111e-01 5.786616717e-02 -1.704099735e-02 -5.801578940e-02 -2.595230993e-03 4.072584233e-02 1.103924084e-02 -2.528516527e-02 -5.667558496e-03 1.945577887e-02 -3.606800241e-03 -1.968151898e-02 8.474220358e-03 1.933542122e-02 -8.246044623e-03 -1.565620071e-02 6.868461215e-03 1.020610345e-02 -7.184347841e-03 -4.941862278e-03 8.340711657e-03 
3.513111111e-01 6.188630898e-02 -1.930762522e-02 -6.005722339e-02 -3.095020833e-03 3.965024916e-02 1.060089749e-02 -2.423241661e-02 -2.647389982e-03 2.063276806e-02 -6.960558133e-03 -2.181599032e-02 9.703131648e-03 2.002873118e-02 -7.687702320e-03 -1.447718060e-02 6.547684041e-03 8.645360018e-03 -7.976098320e-03 -4.116127976e-03 9.199130481e-03 
3.713111111e-01 6.622211830e-02 -2.129887673e-02 -6.226964795e-02 -3.815202506e-03 3.906276350e-02 9.892583972e-03 -2.451307447e-02 4.733621305e-04 2.327904793e-02 -9.441856106e-03 -2.446749647e-02 9.612695302e-03 2.047610846e-02 -6.600064633e-03 -1.349513486e-02 6.667676611e-03 8.190682015e-03 -9.157561803e-03 -4.494579447e-03 9.818011531e-03 
3.913111111e-01 7.121728694e-02 -2.363112683e-02 -6.512291280e-02 -3.955824864e-03 3.957808188e-02 8.128323150e-03 -2.666470531e-02 4.270629719e-03 2.755000441e-02 -1.164566824e-02 -2.764121670e-02 9.253408977e-03 2.112372919e-02 -6.322448522e-03 -1.357935870e-02 8.149955824e-03 9.402232360e-03 -1.105829159e-02 -5.994843402e-03 1.057139109e-02 
4.113111111e-01 7.671761379e-02 -2.714615686e-02 -6.848912706e-02 -2.461532437e-03 4.115069859e-02 4.288432903e-03 -3.049240704e-02 9.574608100e-03 3.291321817e-02 -1.451871570e-02 -3.087886714e-02 9.981155448e-03 2.204692607e-02 -8.163856657e-03 -1.493178216e-02 1.163056086e-02 1.188604724e-02 -1.392247330e-02 -7.804654821e-03 1.198978792e-02 
4.313111111e-01 8.197821441e-02 -3.250287702e-02 -7.153840913e-02 1.484656395e-03 4.297505424e-02 -2.360113452e-03 -3.500069550e-02 1.695352518e-02 3.813960021e-02 -1.881670203e-02 -3.323681996e-02 1.283690698e-02 2.279633625e-02 -1.281364193e-02 -1.691223162e-02 1.711202593e-02 1.438786800e-02 -1.772703052e-02 -8.704008099e-03 1.443631886e-02 
4.513111111e-01 8.584807583e-02 -3.971406569e-02 -7.297335869e-02 7.909156004e-03 4.374686955e-02 -1.168703076e-02 -3.868910629e-02 2.615017413e-02 4.164197048e-02 -2.452926530e-02 -3.357950487e-02 1.794671894e-02 2.258687345e-02 -1.987093163e-02 -1.832217341e-02 2.374947862e-02 1.535407866e-02 -2.200662427e-02 -7.646533629e-03 1.778292711e-02 
4.713111111e-01 8.728341790e-02 -4.764244767e-02 -7.167285630e-02 1.544895008e-02 4.235880731e-02 -2.206681537e-02 -4.028263344e-02 3.548044602e-02 4.224820632e-02 -3.029449915e-02 -3.129926953e-02 2.396209018e-02 2.095652007e-02 -2.748651165e-02 -1.823292737e-02 2.972215947e-02 1.394058107e-02 -2.567544510e-02 -4.554454478e-03 2.120588756e-02 
4.913111111e-01 8.641231387e-02 -5.362657297e-02 -6.801397785e-02 2.090451356e-02 3.930040159e-02 -2.990591571e-02 -4.017328641e-02 4.143054224e-02 4.069510014e-02 -3.302819904e-02 -2.772621029e-02 2.774283565e-02 1.913018381e-02 -3.230158223e-02 -1.753353996e-02 3.234238214e-02 1.154529779e-02 -2.703241878e-02 -1.390601186e-03 2.335697689e-02 
5.113111111e-01 8.539300826e-02 -5.504219514e-02 -6.478712040e-02 2.111693338e-02 3.749966580e-02 -3.171046817e-02 -4.123406694e-02 4.076351353e-02 4.029028727e-02 -2.986906214e-02 -2.648677047e-02 2.625279482e-02 2.033237673e-02 -3.138974959e-02 -1.934972785e-02 2.964619400e-02 1.191955991e-02 -2.482093473e-02 -1.894790154e-03 2.330819944e-02 
5.313111111e-01 8.599528860e-02 -5.269319648e-02 -6.391711650e-02 1.701488611e-02 3.865120056e-02 -2.848382836e-02 -4.495233424e-02 3.467136458e-02 4.252532535e-02 -2.192786785e-02 -2.877746502e-02 2.018212039e-02 2.520895782e-02 -2.537723072e-02 -2.435894861e-02 2.242277854e-02 1.612148639e-02 -1.937689543e-02 -7.097181859e-03 2.085395957e-02 
5.513111111e-01 8.770887464e-02 -4.895136429e-02 -6.437366540e-02 1.137155725e-02 4.125651296e-02 -2.324665352e-02 -4.951040649e-02 2.617816532e-02 4.522783591e-02 -1.195885564e-02 -3.190440904e-02 1.192696353e-02 3.058952341e-02 -1.643729245e-02 -2.930419943e-02 1.246223199e-02 2.091326623e-02 -1.153708075e-02 -1.385061462e-02 1.567186758e-02 
5.713111111e-01 8.970171406e-02 -4.488603717e-02 -6.493278352e-02 5.425395891e-03 4.381180342e-02 -1.736772305e-02 -5.318598158e-02 1.669756049e-02 4.645489859e-02 -1.356118113e-03 -3.360840579e-02 2.815120240e-03 3.385240798e-02 -5.957748683e-03 -3.142443235e-02 1.140614559e-03 2.334095309e-02 -2.211364468e-03 -1.885877028e-02 7.937405251e-03 
5.913111111e-01 9.162717944e-02 -4.072214438e-02 -6.511235571e-02 -5.522944410e-04 4.572395182e-02 -1.118533783e-02 -5.527758557e-02 6.712144429e-03 4.548401732e-02 9.240730064e-03 -3.303775070e-02 -6.423375665e-03 3.392483268e-02 5.021165024e-03 -2.966009224e-02 -1.019472566e-02 2.217358670e-02 7.320214504e-03 -2.030770865e-02 -1.210013328e-03 
6.113111111e-01 9.338670465e-02 -3.648556345e-02 -6.478245870e-02 -6.504580095e-03 4.681455117e-02 -4.818097942e-03 -5.556566160e-02 -3.463357232e-03 4.219431283e-02 1.931829955e-02 -3.004834819e-02 -1.514255807e-02 3.060718048e-02 1.544710942e-02 -2.403514573e-02 -2.013460695e-02 1.737610439e-02 1.558115979e-02 -1.766518624e-02 -1.005029549e-02 
6.313111111e-01 9.495548384e-02 -3.217882144e-02 -6.391755213e-02 -1.239364858e-02 4.703260223e-02 1.629131591e-03 -5.400869788e-02 -1.351072281e-02 3.671952103e-02 2.837798060e-02 -2.482305642e-02 -2.271700963e-02 2.419393334e-02 2.429184338e-02 -1.524527843e-02 -2.739935825e-02 9.694385127e-03 2.123044982e-02 -1.141393713e-02 -1.681443272e-02 
6.513111111e-01 9.632640785e-02 -2.780691646e-02 -6.251973071e-02 -1.817639003e-02 4.636868374e-02 8.042467682e-03 -5.065297463e-02 -2.310403151e-02 2.933729191e-02 3.595861003e-02 -1.774468006e-02 -2.859054357e-02 1.532769839e-02 3.066830688e-02 -4.442558856e-03 -3.103945040e-02 3.982551518e-04 2.333615858e-02 -2.823466810e-03 -2.012549998e-02 
6.713111111e-01 9.749614967e-02 -2.337752153e-02 -6.060001373e-02 -2.380662634e-02 4.483463150e-02 1.430398829e-02 -4.560960456e-02 -3.192653488e-02 2.043030099e-02 4.166919800e-02 -9.340844225e-03 -3.232731839e-02 4.906657982e-03 3.393259054e-02 6.947020855e-03 -3.057664968e-02 -8.964002991e-03 2.154959312e-02 6.345988976e-03 -1.930637411e-02 
6.913111111e-01 9.846228674e-02 -1.889945762e-02 -5.817443001e-02 -2.923796429e-02 4.245925434e-02 2.029689429e-02 -3.904661596e-02 -3.968509484e-02 1.046140880e-02 4.521374295e-02 -2.392196880e-04 -3.364895452e-02 -6.012146280e-03 3.375428631e-02 1.741847750e-02 -2.607277418e-02 -1.683135544e-02 1.616919913e-02 1.421321696e-02 -1.452551598e-02 
7.113111111e-01 9.922283833e-02 -1.438196579e-02 -5.526326339e-02 -3.442522164e-02 3.928716643e-02 2.590890999e-02 -3.118269985e-02 -4.612141740e-02 -5.123225368e-05 4.640820518e-02 8.880278458e-03 -3.245689659e-02 -1.632102984e-02 3.015164338e-02 2.558794992e-02 -1.812316990e-02 -2.189180764e-02 8.092324503e-03 1.916386541e-02 -6.763998643e-03 
7.313111111e-01 9.977623157e-02 -9.834453404e-03 -5.189082827e-02 -3.932513599e-02 3.537790410e-02 3.103477204e-02 -2.227986971e-02 -5.102110716e-02 -1.056121038e-02 4.519054024e-02 1.733639814e-02 -2.884022695e-02 -2.497417395e-02 2.349017039e-02 3.037577930e-02 -7.778453418e-03 -2.330143878e-02 -1.334073854e-03 2.018203652e-02 2.385501937e-03 
7.513111111e-01 1.001213156e-01 -5.266409936e-03 -4.808527769e-02 -4.389681609e-02 3.080482354e-02 3.557830817e-02 -1.263474303e-02 -5.422092958e-02 -2.052225653e-02 4.162404402e-02 2.449744651e-02 -2.306912375e-02 -3.109373290e-02 1.444566387e-02 3.114921668e-02 3.594242761e-03 -2.082516623e-02 -1.053799008e-02 1.705879283e-02 1.104548660e-02 
7.713111111e-01 1.002573709e-01 -6.873715910e-04 -4.387837619e-02 -4.810210484e-02 2.565373306e-02 3.945426637e-02 -2.568665915e-03 -5.561427761e-02 -2.941663402e-02 3.589408986e-02 2.982847639e-02 -1.557470215e-02 -3.405888892e-02 3.935671817e-03 2.780604634e-02 1.449193124e-02 -1.487594897e-02 -1.798451913e-02 1.043503187e-02 1.743890179e-02 
7.913111111e-01 1.001841138e-01 3.893101816e-03 -3.930523742e-02 -5.190590231e-02 2.002128580e-02 4.258991977e-02 7.582991080e-03 -5.515472927e-02 -3.678204747e-02 2.829849867e-02 3.293124728e-02 -6.916813100e-03 -3.356883252e-02 -6.973586709e-03 2.078809387e-02 2.347439967e-02 -6.445918327e-03 -2.243182840e-02 1.669969721e-03 2.025379934e-02 
8.113111111e-01 9.990169719e-02 8.465447396e-03 -3.440403175e-02 -5.527645956e-02 1.401316680e-02 4.492643215e-02 1.748200611e-02 -5.285759525e-02 -4.223567105e-02 1.923206006e-02 3.357397486e-02 2.257778432e-03 -2.967327913e-02 -1.717538748e-02 1.102283551e-02 2.935454624e-02 3.059077063e-03 -2.313825482e-02 -7.437775445e-03 1.891255358e-02 
8.313111111e-01 9.941071067e-02 1.302011923e-02 -2.921566779e-02 -5.818564374e-02 7.742110101e-03 4.641996209e-02 2.679857453e-02 -4.879940898e-02 -4.549404637e-02 9.166012719e-03 3.170864588e-02 1.126370847e-02 -2.276742557e-02 -2.563477643e-02 -1.991750205e-04 3.135526459e-02 1.205392016e-02 -1.998599003e-02 -1.501926571e-02 1.369039239e-02 
8.513111111e-01 9.871217931e-02 1.754760829e-02 -2.378345099e-02 -6.060917292e-02 1.325783399e-03 4.704248556e-02 3.522229698e-02 -4.311537671e-02 -4.638781556e-02 -1.376448821e-03 2.747460488e-02 1.942821244e-02 -1.355185812e-02 -3.149356396e-02 -1.139486305e-02 2.921214446e-02 1.903857035e-02 -1.350072694e-02 -1.951875546e-02 5.658919663e-03 
8.713111111e-01 9.780756146e-02 2.203846230e-02 -1.815272212e-02 -6.252681874e-02 -5.115419795e-03 4.678232177e-02 4.247252099e-02 -3.599487289e-02 -4.487052395e-02 -1.184736783e-02 2.118814492e-02 2.614138227e-02 -2.961479329e-03 -3.415738675e-02 -2.108463262e-02 2.320841562e-02 2.284822032e-02 -4.763991700e-03 -2.001293524e-02 -3.533781165e-03 
8.913111111e-01 9.669874575e-02 2.648330549e-02 -1.237047890e-02 -6.392257531e-02 -1.146063920e-02 4.564435232e-02 4.830769142e-02 -2.767513078e-02 -4.102103453e-02 -2.170250608e-02 1.331887964e-02 3.090172806e-02 7.929336147e-03 -3.335600482e-02 -2.798790643e-02 1.413751682e-02 2.284754720e-02 4.767218882e-03 -1.640039782e-02 -1.200133899e-02 
9.113111111e-01 9.538804711e-02 3.087285812e-02 -6.484983664e-03 -6.478479273e-02 -1.759081554e-02 4.364992965e-02 5.253339836e-02 -1.843333855e-02 -3.503942901e-02 -3.042963126e-02 4.454662062e-03 3.335364055e-02 1.801573490e-02 -2.917071691e-02 -3.119236395e-02 3.198236849e-03 1.903666323e-02 1.350341594e-02 -9.422447231e-03 -1.800618434e-02 
9.313111111e-01 9.387820195e-02 3.519795590e-02 -5.453605602e-04 -6.510627438e-02 -2.339092453e-02 4.083647633e-02 5.500885428e-02 -8.577404262e-03 -2.723660830e-02 -3.757514088e-02 -4.742329469e-03 3.331395598e-02 2.627447014e-02 -2.202611287e-02 -3.027451158e-02 -8.163714627e-03 1.205109709e-02 1.998769241e-02 -5.109808548e-04 -2.031610408e-02 
9.513111111e-01 9.217236244e-02 3.944956910e-02 5.398814475e-03 -6.488433697e-02 -2.875213512e-02 3.725678295e-02 5.565158462e-02 1.564302719e-03 -1.801813312e-02 -4.276763874e-02 -1.358505760e-02 3.078563889e-02 3.186770821e-02 -1.264699976e-02 -2.535565053e-02 -1.844676866e-02 3.055808838e-03 2.313868668e-02 8.505340399e-03 -1.845709541e-02 
9.713111111e-01 9.027408996e-02 4.361882141e-02 1.129792751e-02 -6.412083293e-02 -3.357385162e-02 3.297801749e-02 5.444017557e-02 1.165389195e-02 -7.863144453e-03 -4.573723869e-02 -2.141294930e-02 2.595756064e-02 3.422802528e-02 -1.984871546e-03 -1.708584599e-02 -2.629194088e-02 -6.449086675e-03 2.243091772e-02 1.577633907e-02 -1.281063277e-02 
9.913111111e-01 8.818734763e-02 4.769700847e-02 1.710274074e-02 -6.282213496e-02 -3.776560116e-02 2.808046508e-02 5.141498755e-02 2.135520940e-02 2.700540313e-03 -4.632959234e-02 -2.764124226e-02 1.919039026e-02 3.311597148e-02 8.878618275e-03 -6.558015975e-03 -3.066243165e-02 -1.487848906e-02 1.798241786e-02 1.980998339e-02 -4.535388014e-03 
1.011311111e+00 8.591649205e-02 5.167561604e-02 2.276480344e-02 -6.099908283e-02 -4.124873135e-02 2.265602153e-02 4.667681052e-02 3.034503705e-02 1.312386135e-02 -4.451391139e-02 -3.180466803e-02 1.098965164e-02 2.864436265e-02 1.884138843e-02 4.836506095e-03 -3.098064713e-02 -2.082665441e-02 1.053504889e-02 1.977855686e-02 4.670532610e-03 
1.031311111e+00 8.346626420e-02 5.554633777e-02 2.823685637e-02 -5.866689292e-02 -4.395788608e-02 1.680646903e-02 4.038350593e-02 3.832386153e-02 2.286505438e-02 -4.038456799e-02 -3.359220872e-02 1.967959653e-03 2.126683536e-02 2.689273402e-02 1.559184683e-02 -2.720453272e-02 -2.330162660e-02 1.330784207e-03 1.568850831e-02 1.291804526e-02 
1.051311111e+00 8.084177955e-02 5.930109256e-02 3.347322624e-02 -5.584503118e-02 -4.584223179e-02 1.064156635e-02 3.274474731e-02 4.502585299e-02 3.141780956e-02 -3.415618958e-02 -3.287033074e-02 -7.200743650e-03 1.173182633e-02 3.221586070e-02 2.428660553e-02 -1.983313086e-02 -2.189066261e-02 -8.095411007e-03 8.379128547e-03 1.851473444e-02 
1.071311111e+00 7.804851737e-02 6.293204142e-02 3.843020692e-02 -5.255705070e-02 -4.686641134e-02 4.276989377e-03 2.401503457e-02 5.022772171e-02 3.833758744e-02 -2.615250339e-02 -2.969296010e-02 -1.583153411e-02 1.006644872e-03 3.427074693e-02 2.977170323e-02 -9.840628793e-03 -1.682906429e-02 -1.617156096e-02 -6.496747252e-04 2.031214191e-02 
