# nmin = 1 nmax = 11 
#   t        rebeta             imbeta
#
#
-4.886888889e-01 0.000000000e+00 0.000000000e+00 0.000000000e+00 0.000000000e+00 0.000000000e+00 0.000000000e+00 5.551115123e-17 0.000000000e+00 0.000000000e+00 0.000000000e+00 0.000000000e+00 0.000000000e+00 0.000000000e+00 0.000000000e+00 0.000000000e+00 0.000000000e+00 0.000000000e+00 0.000000000e+00 0.000000000e+00 0.000000000e+00 
-4.686888889e-01 0.000000000e+00 0.000000000e+00 0.000000000e+00 0.000000000e+00 0.000000000e+00 0.000000000e+00 1.665334537e-16 1.110223025e-16 0.000000000e+00 0.000000000e+00 0.000000000e+00 0.000000000e+00 0.000000000e+00 0.000000000e+00 0.000000000e+00 0.000000000e+00 0.000000000e+00 0.000000000e+00 0.000000000e+00 0.000000000e+00 
-4.486888889e-01 0.000000000e+00 0.000000000e+00 0.000000000e+00 0.000000000e+00 0.000000000e+00 0.000000000e+00 -2.220446049e-16 1.387778781e-16 0.000000000e+00 0.000000000e+00 0.000000000e+00 0.000000000e+00 0.000000000e+00 0.000000000e+00 0.000000000e+00 0.000000000e+00 0.000000000e+00 0.000000000e+00 0.000000000e+00 0.000000000e+00 
-4.286888889e-01 -6.300982701e-19 4.441446581e-19 7.560635917e-19 -5.013078936e-19 -8.069510031e-19 5.025451352e-19 -4.440892099e-16 -5.551115123e-17 -8.340624960e-19 4.556439288e-19 8.326149217e-19 -4.245059030e-19 -8.267482308e-19 3.922448033e-19 8.182327559e-19 -3.600093509e-19 -8.080638145e-19 3.283801083e-19 7.968239429e-19 -2.976484332e-19 
-4.086888889e-01 -1.714597901e-18 1.691052448e-18 2.095040212e-18 -1.885798864e-18 -2.268554076e-18 1.862550709e-18 -3.330669074e-16 -5.551115123e-17 -2.388964153e-18 1.624191175e-18 2.395860896e-18 -1.476363454e-18 -2.382984822e-18 1.325731088e-18 2.355781021e-18 -1.177249337e-18 -2.317613257e-18 1.033614257e-18 2.270720878e-18 -8.963480516e-19 
-3.886888889e-01 -4.311231318e-18 6.932098835e-18 5.404493732e-18 -7.830274570e-18 -5.975224241e-18 7.840676116e-18 -3.053113318e-16 -3.330669074e-16 -6.483785522e-18 7.060995928e-18 6.569158947e-18 -6.546763243e-18 -6.583600770e-18 6.018469634e-18 6.543317642e-18 -5.498050812e-18 -6.459547456e-18 4.997905968e-18 6.340802676e-18 -4.525268917e-18 
-3.686888889e-01 -8.828094690e-18 2.867192197e-17 1.179225479e-17 -3.287732011e-17 -1.371086860e-17 3.344994240e-17 -3.330669074e-16 0.000000000e+00 -1.602807579e-17 3.121369945e-17 1.670493499e-17 -2.952840085e-17 -1.715158309e-17 2.774969077e-17 1.741038785e-17 -2.596974419e-17 -1.751469383e-17 2.424092706e-17 1.749247946e-17 -2.259351817e-17 
-3.486888889e-01 -4.848414343e-18 1.127960207e-16 1.149367421e-17 -1.309720343e-16 -1.777533306e-17 1.349640490e-16 -4.302114220e-16 -2.220446049e-16 -2.806680417e-17 1.293010693e-16 3.204536043e-17 -1.239951907e-16 -3.531860273e-17 1.181541700e-16 3.796001350e-17 -1.121442444e-16 -4.004556396e-17 1.061760663e-16 4.164964997e-17 -1.003733760e-16 
-3.286888889e-01 8.915477680e-17 4.180847714e-16 -8.221751325e-17 -4.911238731e-16 6.316232220e-17 5.118916940e-16 -1.942890293e-16 -9.992007222e-16 2.028472650e-17 5.013990912e-16 -6.635177137e-19 -4.860174165e-16 -1.696839159e-17 4.680039118e-16 3.253332253e-17 -4.487456716e-16 -4.610247229e-17 4.290615878e-16 5.781589546e-17 -4.094526539e-16 
-3.086888889e-01 7.226848708e-16 1.451242652e-15 -7.664990079e-16 -1.726237603e-15 7.163534258e-16 1.820810532e-15 -4.996003611e-16 -2.553512957e-15 5.490466495e-16 1.823536022e-15 -4.622899489e-16 -1.785952949e-15 3.802241303e-16 1.736761972e-15 -3.044689544e-16 -1.680942668e-15 2.355745101e-16 1.621537252e-15 -1.735482476e-16 -1.560499226e-15 
-2.886888889e-01 4.025396652e-15 4.649941873e-15 -4.446273983e-15 -5.619242083e-15 4.351500134e-15 6.014466592e-15 -3.885780586e-15 -6.883382753e-15 3.739206835e-15 6.183338761e-15 -3.384618301e-15 -6.127512564e-15 3.036171100e-15 6.024453393e-15 -2.704584475e-15 -5.890882660e-15 2.394833994e-15 5.737442095e-15 -2.108876577e-15 -5.571319480e-15 
-2.686888889e-01 1.917890128e-14 1.328753955e-14 -2.164033907e-14 -1.645239605e-14 2.166517557e-14 1.799457238e-14 -2.037259250e-14 -1.945665851e-14 1.957422594e-14 1.919385658e-14 -1.821808555e-14 -1.932358298e-14 1.683985041e-14 1.927369322e-14 -1.549481195e-14 -1.909549418e-14 1.421142003e-14 1.882343162e-14 -1.300374636e-14 -1.848216278e-14 
-2.486888889e-01 8.300937523e-14 3.072974577e-14 -9.504022600e-14 -4.003707048e-14 9.658658495e-14 4.568095588e-14 -9.359180098e-14 -4.993228053e-14 9.003412954e-14 5.206148111e-14 -8.517270412e-14 -5.381773577e-14 8.006064479e-14 5.493447345e-14 -7.494970809e-14 -5.554810290e-14 6.997706920e-14 5.575848851e-14 -6.521775128e-14 -5.564314736e-14 
-2.286888889e-01 3.340091587e-13 3.460021475e-14 -3.869977374e-13 -5.744980357e-14 3.980045461e-13 7.672996344e-14 -3.919087277e-13 -9.316158955e-14 3.799462350e-13 1.063579291e-13 -3.637391605e-13 -1.173976227e-13 3.460079712e-13 1.263234633e-13 -3.278066441e-13 -1.333993287e-13 3.097335276e-13 1.388630083e-13 -2.921373530e-13 -1.429288234e-13 
-2.086888889e-01 1.259955107e-12 -1.879826870e-13 -1.476218531e-12 1.540136094e-13 1.534852570e-12 -9.355255078e-14 -1.529054661e-12 2.906008767e-14 1.496448592e-12 3.235264843e-14 -1.447310579e-12 -8.820789562e-14 1.390578327e-12 1.377333589e-13 -1.330373775e-12 -1.809045982e-13 1.269119825e-12 2.180312167e-13 -1.208299815e-12 -2.495719803e-13 
-1.886888889e-01 4.452332399e-12 -1.879440404e-12 -5.279037029e-12 1.958653984e-12 5.551528344e-12 -1.791808138e-12 -5.595024444e-12 1.550870543e-12 5.529196756e-12 -1.292939215e-12 -5.401335810e-12 1.041341699e-12 5.239598767e-12 -8.058383557e-13 -5.059108593e-12 5.904073531e-13 4.869060010e-12 -3.961965591e-13 -4.675335860e-12 2.229195912e-13 
-1.686888889e-01 1.458686748e-11 -1.110651090e-11 -1.754984595e-11 1.217753095e-11 1.870852038e-11 -1.182153899e-11 -1.909999936e-11 1.097871793e-11 1.909711780e-11 -9.967385194e-12 -1.886466347e-11 8.922265430e-12 1.849254880e-11 -7.904323133e-12 -1.803258946e-11 6.942443165e-12 1.751748781e-11 -6.049517817e-12 -1.696912984e-11 5.230045129e-12 
-1.486888889e-01 4.312079213e-11 -5.457261795e-11 -5.299775541e-11 6.130347453e-11 5.759114355e-11 -6.108853513e-11 -5.982891960e-11 5.836142680e-11 6.076833177e-11 -5.464210052e-11 -6.090019725e-11 5.058251874e-11 6.049324357e-11 -4.649103765e-11 -5.971061467e-11 4.252267897e-11 5.866031082e-11 -3.875566817e-11 -5.741850757e-11 3.522718206e-11 
-1.286888889e-01 1.069602464e-10 -2.412083195e-10 -1.369027730e-10 2.752591246e-10 1.539838819e-10 -2.788029500e-10 -1.647817993e-10 2.708918645e-10 1.717402718e-10 -2.581131459e-10 -1.760548091e-10 2.433206916e-10 1.784195606e-10 -2.279026758e-10 -1.792877404e-10 2.125826405e-10 1.789823912e-10 -1.977499169e-10 -1.777483440e-10 1.836129788e-10 
-1.086888889e-01 1.654563645e-10 -9.872270740e-10 -2.433545392e-10 1.140595342e-09 3.027753673e-10 -1.169732181e-09 -3.499175741e-10 1.150849138e-09 3.875406418e-10 -1.110460059e-09 -4.173502273e-10 1.060175976e-09 4.405855424e-10 -1.005753758e-09 -4.582292894e-10 9.502796306e-10 4.711011690e-10 -8.954889581e-10 -4.799041223e-10 8.423787590e-10 
-8.868888889e-02 -3.234294528e-10 -3.783647339e-09 1.818887270e-10 4.420689025e-09 8.963022112e-12 -4.583812157e-09 -2.000025978e-10 4.558902367e-09 3.763516143e-10 -4.445989231e-09 -5.333267471e-10 4.289344968e-09 6.700489384e-10 -4.111292722e-09 -7.872174176e-10 3.924099899e-09 8.862069300e-10 -3.734916400e-09 -9.686597607e-10 3.548068908e-09 
-6.868888889e-02 -4.758099597e-09 -1.359779717e-08 4.839024598e-09 1.607212979e-08 -4.291640937e-09 -1.685158039e-08 3.566167417e-09 1.694028412e-08 -2.811649716e-09 -1.669176295e-08 2.087062195e-09 1.626427354e-08 -1.416696580e-09 -1.573901324e-08 8.095572221e-10 1.516171802e-08 -2.673382560e-10 -1.455995695e-08 -2.119126273e-10 1.395117714e-08 
-4.868888889e-02 -3.031222207e-08 -4.547572055e-08 3.294395885e-08 5.449123669e-08 -3.166797087e-08 -5.787172828e-08 2.908591695e-08 5.888210436e-08 -2.607899184e-08 -5.868075820e-08 2.301319854e-08 5.779355769e-08 -2.005440244e-08 -5.649594311e-08 1.727883928e-08 5.494747430e-08 -1.471874431e-08 -5.324785261e-08 1.238340565e-08 5.146302014e-08 
-2.868888889e-02 -1.542833310e-07 -1.385003362e-07 1.724588548e-07 1.691444781e-07 -1.709594359e-07 -1.827696954e-07 1.624249243e-07 1.889182095e-07 -1.511860816e-07 -1.910151252e-07 1.390838869e-07 1.906474095e-07 -1.269876630e-07 -1.886706675e-07 1.153280680e-07 1.855992599e-07 -1.043176083e-07 -1.817690920e-07 9.405261262e-08 1.774135733e-07 
-8.688888889e-03 -6.975414431e-07 -3.633471490e-07 7.932314021e-07 4.587979693e-07 -8.005739710e-07 -5.102763699e-07 7.750139137e-07 5.409192260e-07 -7.356950520e-07 -5.592258877e-07 6.908788872e-07 5.692906173e-07 -6.445667709e-07 -5.734370327e-07 5.988262963e-07 5.731486490e-07 -5.547550425e-07 -5.694588085e-07 5.129265267e-07 5.631325139e-07 
1.131111111e-02 -2.905334866e-06 -6.769895479e-07 3.346893429e-06 9.374273325e-07 -3.422399110e-06 -1.119639724e-06 3.357370207e-06 1.256331828e-06 -3.230155555e-06 -1.360672239e-06 3.074968999e-06 1.439910123e-06 -2.908702705e-06 -1.498807355e-06 2.740351208e-06 1.540862203e-06 -2.574918328e-06 -1.568830568e-06 2.415217774e-06 1.584959950e-06 
3.131111111e-02 -1.130629197e-05 2.518311554e-07 1.317297606e-05 2.887063362e-07 -1.362168901e-05 -8.869218622e-07 1.351137299e-05 1.450347131e-06 -1.314215215e-05 -1.953487020e-06 1.264650256e-05 2.390707945e-06 -1.209094173e-05 -2.763564840e-06 1.151177883e-05 3.076403968e-06 -1.092992310e-05 -3.334567951e-06 1.035753972e-05 3.543403965e-06 
5.131111111e-02 -4.120169006e-05 1.154134208e-05 4.855013417e-05 -1.130875756e-05 -5.075413534e-05 9.532877805e-06 5.087505702e-05 -7.360097792e-06 -4.998911915e-05 5.166082664e-06 4.857669004e-05 -3.096110369e-06 -4.688301016e-05 1.207140316e-06 4.504494467e-05 4.823824202e-07 -4.314307511e-05 -1.971764155e-06 4.122218049e-05 3.266669105e-06 
7.131111111e-02 -1.392383036e-04 8.021241078e-05 1.662028911e-04 -8.611578539e-05 -1.758549142e-04 8.162315720e-05 1.782711731e-04 -7.375726392e-05 -1.770212660e-04 6.488895311e-05 1.737196551e-04 -5.599581507e-05 -1.692052704e-04 4.751511991e-05 1.639542570e-04 -3.964366380e-05 -1.582426474e-04 3.246369943e-05 1.521650383e-04 -2.601358118e-05 
9.131111111e-02 -4.228638829e-04 4.078903458e-04 5.135788100e-04 -4.518920364e-04 -5.518299604e-04 4.434968564e-04 5.670916985e-04 -4.166927905e-04 -5.699273970e-04 3.831310854e-04 5.652024070e-04 -3.477583351e-04 -5.554906753e-04 3.129006704e-04 5.422406323e-04 -2.796994373e-04 -5.261395540e-04 2.487052423e-04 5.065298581e-04 -2.201369937e-04 
1.113111111e-01 -1.070857617e-03 1.654789276e-03 1.339025046e-03 -1.859289016e-03 -1.473244124e-03 1.850014586e-03 1.542999278e-03 -1.762032322e-03 -1.573775219e-03 1.642381258e-03 1.577688664e-03 -1.511529201e-03 -1.561238233e-03 1.379410434e-03 1.527683212e-03 -1.251012792e-03 -1.476816380e-03 1.128449475e-03 1.397507037e-03 -1.010222626e-03 
1.313111111e-01 -2.020783210e-03 5.000248350e-03 2.685476973e-03 -5.634235448e-03 -3.085225810e-03 5.602563818e-03 3.327837509e-03 -5.315459416e-03 -3.455622623e-03 4.920287908e-03 3.490789579e-03 -4.483911957e-03 -3.445973086e-03 4.040235860e-03 3.325798915e-03 -3.606443140e-03 -3.120607151e-03 3.187521977e-03 2.764505676e-03 -2.763573848e-03 
1.513111111e-01 -2.776154903e-03 1.070432694e-02 4.181861515e-03 -1.197680382e-02 -5.162484820e-03 1.173193220e-02 5.785406649e-03 -1.088320004e-02 -6.090976822e-03 9.781868842e-03 6.114291820e-03 -8.601247826e-03 -5.885622643e-03 7.436774577e-03 5.423568197e-03 -6.340071384e-03 -4.713469855e-03 5.327166709e-03 3.605212292e-03 -4.340822837e-03 
1.713111111e-01 -3.200799531e-03 1.751262592e-02 5.846195818e-03 -1.929653818e-02 -7.806238634e-03 1.836638837e-02 8.972815633e-03 -1.634690340e-02 -9.370752156e-03 1.393615868e-02 9.089733512e-03 -1.151474417e-02 -8.247452902e-03 9.302659332e-03 6.958605570e-03 -7.414619862e-03 -5.292141592e-03 5.877915301e-03 3.143670228e-03 -4.582018818e-03 
1.913111111e-01 -3.646016144e-03 2.439100342e-02 8.112736208e-03 -2.627804793e-02 -1.135620542e-02 2.398319889e-02 1.297153727e-02 -2.008883897e-02 -1.302805315e-02 1.585085261e-02 1.182323552e-02 -1.198727379e-02 -9.749574466e-03 8.877459495e-03 7.195660578e-03 -6.646203994e-03 -4.461226599e-03 5.212791761e-03 1.643910897e-03 -4.251993088e-03 
2.113111111e-01 -4.391799240e-03 3.100668603e-02 1.120495369e-02 -3.244216728e-02 -1.578584084e-02 2.801532076e-02 1.738325101e-02 -2.163284785e-02 -1.632245507e-02 1.538283206e-02 1.342911734e-02 -1.040277904e-02 -9.665446605e-03 7.116411157e-03 5.867057660e-03 -5.406165159e-03 -2.575594970e-03 4.782346268e-03 -4.438617232e-05 -4.431837073e-03 
2.313111111e-01 -5.500044497e-03 3.731569351e-02 1.503039800e-02 -3.766830769e-02 -2.068949969e-02 3.036159752e-02 2.146402050e-02 -2.113568005e-02 -1.836256346e-02 1.317802404e-02 1.321631551e-02 -7.947712755e-03 -7.836655496e-03 5.533920142e-03 3.468368306e-03 -5.119590102e-03 -5.712156291e-04 5.485046365e-03 -1.110263325e-03 -5.287491431e-03 
2.513111111e-01 -6.914570487e-03 4.331158827e-02 1.934430101e-02 -4.191156805e-02 -2.552760742e-02 3.109460043e-02 2.447683365e-02 -1.905005242e-02 -1.855001310e-02 1.020159541e-02 1.111335131e-02 -5.920585645e-03 -4.879698201e-03 5.306986291e-03 1.067964631e-03 -6.365912146e-03 5.899372851e-04 7.132878849e-03 -1.262452251e-03 -6.214635050e-03 
2.713111111e-01 -8.569948347e-03 4.896386563e-02 2.390340094e-02 -4.513514121e-02 -2.983300460e-02 3.037445798e-02 2.594856939e-02 -1.596451235e-02 -1.681876658e-02 7.429709521e-03 7.735739563e-03 -5.269017798e-03 -1.926413813e-03 6.810460296e-03 -2.632806745e-04 -8.704398209e-03 4.914139721e-04 8.791920069e-03 -8.261963097e-04 -6.518036373e-03 
2.913111111e-01 -1.044094448e-02 5.423451954e-02 2.853476033e-02 -4.732634305e-02 -3.330187125e-02 2.843565351e-02 2.575613636e-02 -1.250680790e-02 -1.361668476e-02 5.638581709e-03 4.126629830e-03 -6.352225103e-03 -9.942880716e-05 9.583795962e-03 -1.532631423e-05 -1.105905152e-02 -5.277045734e-04 9.502453145e-03 -4.494945908e-04 -5.968068885e-03 
3.113111111e-01 -1.253472726e-02 5.910652539e-02 3.312736849e-02 -4.852240012e-02 -3.578347870e-02 2.558059250e-02 2.407059201e-02 -9.268793878e-03 -9.703489133e-03 5.285139151e-03 1.344855006e-03 -8.932645945e-03 -2.155292266e-05 1.264100059e-02 1.522641408e-03 -1.235568652e-02 -1.614590233e-03 8.887326256e-03 -6.598156165e-04 -4.925393044e-03 
3.313111111e-01 -1.485659242e-02 6.359426049e-02 3.758874901e-02 -4.881469438e-02 -3.722209161e-02 2.215596852e-02 2.123441043e-02 -6.743601761e-03 -5.890418210e-03 6.476641050e-03 1.007677104e-04 -1.234721358e-02 -1.587448417e-03 1.493521217e-02 3.441651164e-03 -1.206341238e-02 -1.908478017e-03 7.338384295e-03 -1.555527529e-03 -4.061828014e-03 
3.513111111e-01 -1.738220204e-02 6.773219125e-02 4.181002260e-02 -4.832924416e-02 -3.760467019e-02 1.851330687e-02 1.764552385e-02 -5.278542936e-03 -2.831797215e-03 9.012928411e-03 5.749765299e-04 -1.576616545e-02 -4.064778714e-03 1.576858967e-02 4.676116410e-03 -1.040539109e-02 -1.006584777e-03 5.754514110e-03 -2.785187532e-03 -3.924073884e-03 
3.713111111e-01 -2.005405120e-02 7.155356035e-02 4.566199785e-02 -4.719742405e-02 -3.694250205e-02 1.496769701e-02 1.368848521e-02 -5.050611344e-03 -9.231654410e-04 1.247521065e-02 2.449641052e-03 -1.844297047e-02 -6.434422034e-03 1.500344990e-02 4.498929248e-03 -8.198224329e-03 8.465716369e-04 5.037947173e-03 -3.782036977e-03 -4.618048001e-03 
3.913111111e-01 -2.280036470e-02 7.507365851e-02 4.901931953e-02 -4.553331451e-02 -3.528448922e-02 1.176914978e-02 9.714149343e-03 -6.068263243e-03 -3.012181542e-04 1.633338067e-02 5.092310777e-03 -1.988710996e-02 -7.795051039e-03 1.303715365e-02 2.820528676e-03 -6.450760422e-03 2.908420026e-03 5.637249670e-03 -4.092137933e-03 -5.770527125e-03 
4.113111111e-01 -2.556211803e-02 7.828535132e-02 5.179398817e-02 -4.342624901e-02 -3.274168471e-02 9.092862236e-03 6.045285710e-03 -8.196015819e-03 -9.046334353e-04 2.004778248e-02 7.791889852e-03 -1.993318035e-02 -7.666089770e-03 1.059836725e-02 1.878354631e-04 -5.931075513e-03 4.314901584e-03 7.352413544e-03 -3.613925872e-03 -6.751539047e-03 
4.313111111e-01 -2.831305160e-02 8.116282302e-02 5.395970244e-02 -4.094519559e-02 -2.950403614e-02 7.042950594e-03 2.984270825e-03 -1.118963569e-02 -2.550513863e-03 2.314746479e-02 9.959194286e-03 -1.871653653e-02 -6.100381092e-03 8.471287880e-03 -2.473368570e-03 -6.882801626e-03 4.482390693e-03 9.459909208e-03 -2.638638172e-03 -7.014204302e-03 
4.513111111e-01 -3.106709914e-02 8.365498281e-02 5.556373176e-02 -3.813918214e-02 -2.585103327e-02 5.650105994e-03 8.174569792e-04 -1.471789229e-02 -5.003003532e-03 2.527129889e-02 1.125607398e-02 -1.658560568e-02 -3.620467150e-03 7.247956874e-03 -4.224518639e-03 -8.974848900e-03 3.345994066e-03 1.106736049e-02 -1.686591748e-03 -6.381167907e-03 
4.713111111e-01 -3.388319230e-02 8.563019217e-02 5.675032496e-02 -3.500323457e-02 -2.219346556e-02 4.820438449e-03 -1.622695323e-04 -1.832680098e-02 -8.047830811e-03 2.615874241e-02 1.168916202e-02 -1.397654491e-02 -1.078377917e-03 7.155199920e-03 -4.411780422e-03 -1.146141620e-02 1.322231423e-03 1.154023402e-02 -1.205764202e-03 -5.169847849e-03 
4.913111111e-01 -3.688086457e-02 8.675654531e-02 5.782288409e-02 -3.138684602e-02 -1.916199616e-02 4.190963746e-03 3.796040355e-04 -2.132362640e-02 -1.159806606e-02 2.559280464e-02 1.172406768e-02 -1.123606765e-02 4.822261420e-04 7.931513084e-03 -2.777692543e-03 -1.346887832e-02 -1.039416944e-03 1.083272280e-02 -1.211014090e-03 -4.096848161e-03 
5.113111111e-01 -4.019862411e-02 8.661848563e-02 5.916280592e-02 -2.702357311e-02 -1.738426459e-02 3.142917574e-03 2.608487565e-03 -2.290178245e-02 -1.565163379e-02 2.341078969e-02 1.209549577e-02 -8.387085287e-03 2.480550809e-04 8.816003635e-03 5.218098428e-04 -1.428610990e-02 -3.518093206e-03 9.348937115e-03 -1.111510438e-03 -3.741314501e-03 
5.313111111e-01 -4.381260258e-02 8.533186160e-02 6.077510929e-02 -2.192599615e-02 -1.670947488e-02 1.430210640e-03 6.034230846e-03 -2.286426834e-02 -1.985838951e-02 1.970678101e-02 1.288310035e-02 -5.204677593e-03 -1.555135714e-03 9.022840541e-03 4.793190020e-03 -1.349215196e-02 -6.012107321e-03 7.199325617e-03 -3.306707946e-04 -3.816801207e-03 
5.513111111e-01 -4.754765266e-02 8.341775258e-02 6.229990537e-02 -1.639793942e-02 -1.642993577e-02 -6.586351294e-04 9.852317075e-03 -2.162383307e-02 -2.354594431e-02 1.482717679e-02 1.344591237e-02 -1.673071364e-03 -3.980281420e-03 8.280250199e-03 8.994991719e-03 -1.101062238e-02 -8.007977756e-03 4.260803932e-03 9.932565179e-04 -3.632435979e-03 
5.713111111e-01 -5.126800660e-02 8.119681406e-02 6.346331291e-02 -1.066366255e-02 -1.608795879e-02 -2.848606848e-03 1.354277161e-02 -1.952715922e-02 -2.620366673e-02 9.137334086e-03 1.328090925e-02 1.986671859e-03 -6.278491679e-03 6.665987125e-03 1.223282887e-02 -7.104625895e-03 -8.914263813e-03 7.379747306e-04 2.361088159e-03 -2.859680598e-03 
5.913111111e-01 -5.491038906e-02 7.877627922e-02 6.414870982e-02 -4.828239998e-03 -1.551846526e-02 -5.011357740e-03 1.684262068e-02 -1.674990429e-02 -2.756322666e-02 2.968917264e-03 1.221158981e-02 5.498143657e-03 -8.024579435e-03 4.367206789e-03 1.393070087e-02 -2.271741310e-03 -8.425766600e-03 -2.874821062e-03 3.339888182e-03 -1.539598204e-03 
6.113111111e-01 -5.844749602e-02 7.618601081e-02 6.431465933e-02 1.047644133e-03 -1.467939851e-02 -7.084180254e-03 1.959917807e-02 -1.341027373e-02 -2.751014309e-02 -3.351447347e-03 1.025625104e-02 8.597244908e-03 -8.981288150e-03 1.625049263e-03 1.381185698e-02 2.856194177e-03 -6.562136134e-03 -5.999703999e-03 3.664864803e-03 8.718243195e-05 
6.313111111e-01 -6.186546150e-02 7.343625103e-02 6.394858614e-02 6.913725174e-03 -1.357107045e-02 -9.024042891e-03 2.170796941e-02 -9.624062147e-03 -2.603328567e-02 -9.495788991e-03 7.542342799e-03 1.105286928e-02 -9.033898943e-03 -1.281149018e-03 1.187504747e-02 7.604541037e-03 -3.613178553e-03 -8.121776901e-03 3.247224132e-03 1.693942225e-03 
6.513111111e-01 -6.515511455e-02 7.053336409e-02 6.305014774e-02 1.272146646e-02 -1.220983433e-02 -1.079420129e-02 2.309502230e-02 -5.517693522e-03 -2.320512917e-02 -1.514571590e-02 4.267150032e-03 1.268220313e-02 -8.172005089e-03 -4.056842069e-03 8.371007162e-03 1.134709182e-02 -6.419933022e-05 -8.888770498e-03 2.165840910e-03 2.952582702e-03 
6.713111111e-01 -6.830897644e-02 6.748336078e-02 6.162584152e-02 1.842275425e-02 -1.061997227e-02 -1.236160975e-02 2.371304345e-02 -1.227746493e-03 -1.917138007e-02 -2.000809273e-02 6.737801386e-04 1.336389708e-02 -6.481613282e-03 -6.420739600e-03 3.761272802e-03 1.358976141e-02 3.494816527e-03 -8.173223853e-03 6.406833199e-04 3.605203963e-03 
6.913111111e-01 -7.132028835e-02 6.429253073e-02 5.968727062e-02 2.397017322e-02 -8.830966721e-03 -1.369698319e-02 2.354113415e-02 3.103004659e-03 -1.414132045e-02 -2.383041010e-02 -2.969766671e-03 1.304718709e-02 -4.133815341e-03 -8.133177615e-03 -1.345383880e-03 1.403635124e-02 6.470848053e-03 -6.094597728e-03 -1.015789032e-03 3.517983287e-03 
7.113111111e-01 -7.418271640e-02 6.096749658e-02 5.725053777e-02 2.931748771e-02 -6.876292126e-03 -1.477532108e-02 2.258493675e-02 7.330338509e-03 -8.376287436e-03 -2.641407736e-02 -6.391425248e-03 1.175579210e-02 -1.366685083e-03 -9.020490914e-03 -6.274198221e-03 1.262790306e-02 8.367719879e-03 -2.999577831e-03 -2.463785547e-03 2.708847316e-03 
7.313111111e-01 -7.689027274e-02 5.751518500e-02 5.433596129e-02 3.442008881e-02 -4.792601053e-03 -1.557641063e-02 2.087628623e-02 1.131343710e-02 -2.175896721e-03 -2.762483122e-02 -9.335619564e-03 9.586202561e-03 1.539084442e-03 -8.992683208e-03 -1.037382011e-02 9.550573209e-03 8.869126826e-03 5.956771609e-04 -3.406199707e-03 1.343842663e-03 
7.513111111e-01 -7.943730192e-02 5.394279835e-02 5.096786314e-02 3.923539442e-02 -2.618985146e-03 -1.608522739e-02 1.847210384e-02 1.491960359e-02 4.137586504e-03 -2.739974923e-02 -1.158241860e-02 6.700498244e-03 4.288714835e-03 -8.052581753e-03 -1.310246033e-02 5.211059919e-03 7.891457228e-03 4.091594566e-03 -3.649650291e-03 -2.969242582e-04 
7.713111111e-01 -8.181848585e-02 5.025779322e-02 4.717435452e-02 4.372321517e-02 -3.962279431e-04 -1.629222624e-02 1.545248821e-02 1.802869396e-02 1.023601336e-02 -2.575053252e-02 -1.296398274e-02 3.314249984e-03 6.603262584e-03 -6.295559912e-03 -1.409950974e-02 1.828646274e-04 5.597754982e-03 6.905170541e-03 -3.144181212e-03 -1.876761864e-03 
7.913111111e-01 -8.402885311e-02 4.646786251e-02 4.298709828e-02 4.784609344e-02 1.833963874e-03 -1.619352375e-02 1.191804332e-02 2.053712354e-02 1.580241139e-02 -2.276290165e-02 -1.337710618e-02 -3.195808638e-04 8.247921322e-03 -3.899864826e-03 -1.323320088e-02 -4.869497745e-03 2.370533453e-03 8.567193891e-03 -1.993516335e-03 -3.071482178e-03 
8.113111111e-01 -8.606378902e-02 4.258091851e-02 3.844104392e-02 5.156961722e-02 4.029743887e-03 -1.579097209e-02 7.986525950e-03 2.236131937e-02 2.054746066e-02 -1.859214239e-02 -1.279092766e-02 -3.929538288e-03 9.055843459e-03 -1.108535518e-03 -1.061802314e-02 -9.278318705e-03 -1.252014173e-03 8.800494319e-03 -4.337756731e-04 -3.635924734e-03 
8.313111111e-01 -8.791904514e-02 3.860507614e-02 3.357413576e-02 5.486270762e-02 6.149911322e-03 -1.509212464e-02 3.788922133e-03 2.344050490e-02 2.422453169e-02 -1.345503483e-02 -1.124923613e-02 -7.245949770e-03 8.945066763e-03 1.795252707e-03 -6.599592291e-03 -1.246093876e-02 -4.665767473e-03 7.566165052e-03 1.214977110e-03 -3.454264119e-03 
8.513111111e-01 -8.959074815e-02 3.454863599e-02 2.842699614e-02 5.769787838e-02 8.154684168e-03 -1.411009431e-02 -5.349169002e-04 2.373872500e-02 2.664250444e-02 -7.618586147e-03 -8.867199639e-03 -1.002107140e-02 7.926829328e-03 4.516915814e-03 -1.708974759e-03 -1.399675028e-02 -7.301425963e-03 5.070051146e-03 2.614412768e-03 -2.563777653e-03 
8.713111111e-01 -9.107540795e-02 3.042006687e-02 2.304258644e-02 6.005146534e-02 1.000644563e-02 -1.286330756e-02 -4.840934150e-03 2.324604391e-02 2.767570196e-02 -1.386152565e-03 -5.822762041e-03 -1.204759493e-02 6.104429485e-03 6.780346032e-03 3.407496881e-03 -1.368278401e-02 -8.719449484e-03 1.728421365e-03 3.477362710e-03 -1.147195956e-03 
8.913111111e-01 -9.236992495e-02 2.622798822e-02 1.746584841e-02 6.190382394e-02 1.167044996e-02 -1.137515860e-02 -8.985666385e-03 2.197887623e-02 2.727042259e-02 4.918327914e-03 -2.343350134e-03 -1.317413419e-02 3.662746382e-03 8.355922486e-03 8.073641699e-03 -1.156053299e-02 -8.683358885e-03 -1.901451603e-03 3.626746895e-03 5.047939558e-04 
9.113111111e-01 -9.347159652e-02 2.198115205e-02 1.174332911e-02 6.323949320e-02 1.311547441e-02 -9.673570506e-03 -1.283102389e-02 1.997944010e-02 2.544773121e-02 1.096717256e-02 1.311115655e-03 -1.331653398e-02 8.494843244e-04 9.083805812e-03 1.167279290e-02 -7.910468950e-03 -7.199172877e-03 -5.214225696e-03 3.031911220e-03 2.053198562e-03 
9.313111111e-01 -9.437812264e-02 1.768842470e-02 5.922792401e-03 6.404732476e-02 1.431440511e-02 -7.790471221e-03 -1.624889121e-02 1.731435056e-02 2.230236433e-02 1.644598563e-02 4.867637957e-03 -1.246415670e-02 -2.049956371e-03 8.890153572e-03 1.372929509e-02 -3.214975831e-03 -4.514404315e-03 -7.657440395e-03 1.814917834e-03 3.180280370e-03 
9.513111111e-01 -9.508761071e-02 1.335876832e-02 5.282023334e-05 6.432057594e-02 1.524474576e-02 -5.761194504e-03 -1.912539552e-02 1.407240019e-02 1.799780605e-02 2.106999942e-02 8.060536012e-03 -1.068067698e-02 -4.741432724e-03 7.794611432e-03 1.397136573e-02 1.905400979e-03 -1.076783286e-03 -8.823648762e-03 2.254976053e-04 3.654758653e-03 
9.713111111e-01 -9.559857950e-02 9.001222151e-03 -5.817592806e-03 6.405696600e-02 1.588903982e-02 -3.623816930e-03 -2.136470055e-02 1.036160080e-02 1.275779081e-02 2.459887541e-02 1.065129267e-02 -8.099325034e-03 -6.951899357e-03 5.908320149e-03 1.236701334e-02 6.773964449e-03 2.540409376e-03 -8.518366036e-03 -1.410195441e-03 3.379268974e-03 
9.913111111e-01 -9.590996222e-02 4.624883671e-03 -1.163944845e-02 6.325869520e-02 1.623519799e-02 -1.418443436e-03 -2.289219958e-02 6.305584776e-03 6.854674523e-03 2.684919617e-02 1.244637218e-02 -4.912934057e-03 -8.457108453e-03 3.422640540e-03 9.128265372e-03 1.074729661e-02 5.733946262e-03 -6.792503220e-03 -2.756511951e-03 2.410342682e-03 
1.011311111e+00 -9.602110879e-02 2.388895839e-04 -1.736415374e-02 6.193242643e-02 1.627672509e-02 8.135451897e-04 -2.365700102e-02 2.039486094e-03 5.952785306e-04 2.770399865e-02 1.331167780e-02 -1.359535108e-03 -9.104359289e-03 5.897402784e-04 4.683147196e-03 1.330029118e-02 7.971251651e-03 -3.933876820e-03 -3.537183546e-03 9.468064968e-04 
1.031311111e+00 -9.593178717e-02 -4.147603245e-03 -2.294392657e-02 6.008922959e-02 1.601284193e-02 3.030268764e-03 -2.363362406e-02 -2.294561984e-03 -5.695057757e-03 2.711885350e-02 1.318256911e-02 2.295424380e-03 -8.827989445e-03 -2.302988061e-03 -3.808847644e-04 1.409555036e-02 8.879217430e-03 -4.192106282e-04 -3.592013961e-03 -7.110173568e-04 
1.051311111e+00 -9.564218383e-02 -8.525436911e-03 -2.833219455e-02 5.774448918e-02 1.544849991e-02 5.190133529e-03 -2.282284754e-02 -6.552162323e-03 -1.168938678e-02 2.512417431e-02 1.206869085e-02 5.778910153e-03 -7.656036140e-03 -4.962082454e-03 -5.394579885e-03 1.302797456e-02 8.306425110e-03 3.165365952e-03 -2.909751823e-03 -2.222938214e-03 
1.071311111e+00 -9.515290339e-02 -1.288547158e-02 -3.348398372e-02 5.491777593e-02 1.459428812e-02 7.252612608e-03 -2.125168403e-02 -1.059146480e-02 -1.707614629e-02 2.182363686e-02 1.005325240e-02 8.830697459e-03 -5.707391902e-03 -7.117782613e-03 -9.695339940e-03 1.023865209e-02 6.348397397e-03 6.222064787e-03 -1.630399467e-03 -3.278705165e-03 
