# nmin = 1 nmax = 11 
#   t        rebeta             imbeta
#
#
-4.886888889e-01 5.551115123e-17 -5.421010862e-20 0.000000000e+00 0.000000000e+00 0.000000000e+00 0.000000000e+00 0.000000000e+00 0.000000000e+00 0.000000000e+00 0.000000000e+00 0.000000000e+00 0.000000000e+00 0.000000000e+00 0.000000000e+00 0.000000000e+00 0.000000000e+00 0.000000000e+00 0.000000000e+00 0.000000000e+00 0.000000000e+00 
-4.686888889e-01 2.220446049e-16 6.938893904e-18 0.000000000e+00 0.000000000e+00 0.000000000e+00 0.000000000e+00 0.000000000e+00 0.000000000e+00 0.000000000e+00 0.000000000e+00 0.000000000e+00 0.000000000e+00 0.000000000e+00 0.000000000e+00 0.000000000e+00 0.000000000e+00 0.000000000e+00 0.000000000e+00 0.000000000e+00 0.000000000e+00 
-4.486888889e-01 6.106226635e-16 5.551115123e-17 0.000000000e+00 0.000000000e+00 0.000000000e+00 0.000000000e+00 0.000000000e+00 0.000000000e+00 0.000000000e+00 0.000000000e+00 0.000000000e+00 0.000000000e+00 0.000000000e+00 0.000000000e+00 0.000000000e+00 0.000000000e+00 0.000000000e+00 0.000000000e+00 0.000000000e+00 0.000000000e+00 
-4.286888889e-01 -2.775557562e-16 -4.163336342e-17 -9.056033727e-19 9.417901449e-20 8.331867201e-19 -6.270967409e-20 -7.700632662e-19 3.592873085e-20 7.170562665e-19 -1.299654595e-20 -6.721697027e-19 -6.975550108e-21 6.335353729e-19 2.464266119e-20 -5.997256764e-19 -4.046935081e-20 5.696868164e-19 5.478829976e-20 -5.426394802e-19 -6.784259360e-20 
-4.086888889e-01 1.110223025e-16 5.551115123e-17 -2.847751131e-18 3.265194094e-19 2.615451304e-18 -1.790194743e-19 -2.407600075e-18 5.446303069e-20 2.227840143e-18 5.121107743e-20 -2.070645762e-18 -1.419242710e-19 1.930720671e-18 2.204907013e-19 -1.804053727e-18 -2.888751102e-19 1.687747432e-18 3.484724323e-19 -1.579726868e-18 -4.003016926e-19 
-3.886888889e-01 3.885780586e-16 0.000000000e+00 -9.641768050e-18 1.626038269e-18 8.855656698e-18 -1.052917266e-18 -8.143355437e-18 5.713772200e-19 7.519836123e-18 -1.678090085e-19 -6.968499489e-18 -1.725345687e-19 6.473191985e-18 4.605364015e-19 -6.021898780e-18 -7.039817593e-19 5.606218801e-18 9.085950971e-19 -5.220400324e-18 -1.078781224e-18 
-3.686888889e-01 9.436895709e-16 5.551115123e-17 -3.502271361e-17 8.316802635e-18 3.223997803e-17 -6.061385348e-18 -2.970985232e-17 4.164017407e-18 2.749236677e-17 -2.579617471e-18 -2.553193869e-17 1.250355633e-18 2.377370494e-17 -1.318436464e-19 -2.217710044e-17 -8.086500986e-19 2.071402349e-17 1.596001984e-18 -1.936534517e-17 -2.250053855e-18 
-3.486888889e-01 6.106226635e-16 -1.110223025e-16 -1.294569149e-16 3.982276596e-17 1.195395489e-16 -3.078477024e-17 -1.105019050e-16 2.314688723e-17 1.025810051e-16 -1.675556133e-17 -9.558317657e-17 1.137914109e-17 8.931381291e-17 -6.834900934e-18 -8.362826919e-17 2.986201556e-18 7.842555933e-17 2.716792898e-19 -7.363576637e-17 -3.022447856e-18 
-3.286888889e-01 1.054711873e-15 -8.326672685e-17 -4.793860664e-16 1.816914412e-16 4.441206696e-16 -1.453343925e-16 -4.118781750e-16 1.144544419e-16 3.835876076e-16 -8.852702232e-17 -3.585696813e-16 6.662639349e-17 3.361282274e-16 -4.800981547e-17 -3.157424348e-16 3.212043570e-17 2.970463265e-16 -1.853357712e-17 -2.797841959e-16 6.913707056e-18 
-3.086888889e-01 2.331468352e-15 -7.771561172e-16 -1.770548478e-15 8.023789123e-16 1.645871708e-15 -6.565976853e-16 -1.531381517e-15 5.322117115e-16 1.430706035e-15 -4.274527573e-16 -1.341481905e-15 3.386486531e-16 1.261235109e-15 -2.628166243e-16 -1.188107759e-15 1.977227614e-16 1.120794539e-15 -1.416759575e-16 -1.058386532e-15 9.335568644e-17 
-2.886888889e-01 7.160938509e-15 -3.663735981e-15 -6.511368111e-15 3.460155269e-15 6.074302587e-15 -2.878804576e-15 -5.670771237e-15 2.380783739e-15 5.314900781e-15 -1.960255313e-15 -4.998587467e-15 1.602748963e-15 4.713141432e-15 -1.296385338e-15 -4.452026618e-15 1.032277766e-15 4.210673813e-15 -8.037383052e-16 -3.985935663e-15 6.055873528e-16 
-2.686888889e-01 2.481348460e-14 -1.676436767e-14 -2.382780282e-14 1.465233252e-14 2.231182997e-14 -1.234744870e-14 -2.090304220e-14 1.036589544e-14 1.965625830e-14 -8.688930685e-15 -1.854418736e-14 7.259844955e-15 1.753670495e-14 -6.031617206e-15 -1.661113870e-14 4.969089628e-15 1.575175855e-14 -4.045913410e-15 -1.494788482e-14 3.241796397e-15 
-2.486888889e-01 8.915090888e-14 -6.938893904e-14 -8.672500124e-14 6.115300122e-14 8.153474150e-14 -5.206550313e-14 -7.667334625e-14 4.422749854e-14 7.235273912e-14 -3.758109065e-14 -6.848301611e-14 3.190510251e-14 6.496125591e-14 -2.701439578e-14 -6.170995927e-14 2.277054777e-14 5.867585708e-14 -1.907015011e-14 -5.582340505e-14 1.583391559e-14 
-2.286888889e-01 3.216871214e-13 -2.841060720e-13 -3.137885356e-13 2.521956133e-13 2.963025262e-13 -2.165526418e-13 -2.797640548e-13 1.857185143e-13 2.649891553e-13 -1.595245373e-13 -2.516900120e-13 1.371119647e-13 2.395209887e-13 -1.177554393e-13 -2.282216416e-13 1.009125490e-13 2.176149971e-13 -8.617920310e-14 -2.075854984e-13 7.324680390e-14 
-2.086888889e-01 1.150468609e-12 -1.152744566e-12 -1.127984866e-12 1.029605737e-12 1.070270705e-12 -8.904899408e-13 -1.014998580e-12 7.698066277e-13 9.652981424e-13 -6.671115611e-13 -9.202841104e-13 5.790849695e-13 8.788206083e-13 -5.028983818e-13 -8.400508437e-13 4.364362648e-13 8.034011937e-13 -3.781266015e-13 -7.685078522e-13 3.267734412e-13 
-1.886888889e-01 4.081901483e-12 -4.638345263e-12 -4.025496285e-12 4.166968681e-12 3.840119011e-12 -3.626503276e-12 -3.659596902e-12 3.156407853e-12 3.495884972e-12 -2.755746111e-12 -3.346422078e-12 2.411738161e-12 3.207581408e-12 -2.113404582e-12 -3.076623129e-12 1.852531660e-12 2.951750131e-12 -1.623030826e-12 -2.831870081e-12 1.420287175e-12 
-1.686888889e-01 1.435013219e-11 -1.853478482e-11 -1.424866189e-11 1.673580135e-11 1.367553297e-11 -1.464534305e-11 -1.310402381e-11 1.282247431e-11 1.257962103e-11 -1.126649814e-11 -1.209567190e-11 9.928417831e-12 1.164106021e-11 -8.765799665e-12 -1.120736932e-11 7.746892477e-12 1.078924573e-11 -6.848215615e-12 -1.038365308e-11 6.052035698e-12 
-1.486888889e-01 4.991787539e-11 -7.359512999e-11 -4.996145090e-11 6.675891191e-11 4.828944195e-11 -5.870753346e-11 -4.655982382e-11 5.166968304e-11 4.494498293e-11 -4.565355733e-11 -4.343140220e-11 4.047206157e-11 4.198710196e-11 -3.596188630e-11 -4.058777910e-11 3.200081092e-11 3.921875770e-11 -2.849865782e-11 -3.787276583e-11 2.538756147e-11 
-1.286888889e-01 1.714675069e-10 -2.905363727e-10 -1.732607422e-10 2.646625203e-10 1.688481028e-10 -2.337802536e-10 -1.639759153e-10 2.067216648e-10 1.592949132e-10 -1.835588522e-10 -1.547984857e-10 1.635802218e-10 1.504044539e-10 -1.461598365e-10 -1.460499161e-10 1.308291576e-10 1.417007875e-10 -1.172432598e-10 -1.373457006e-10 1.051434592e-10 
-1.086888889e-01 5.800003811e-10 -1.140868899e-09 -5.929523636e-10 1.043332203e-09 5.836016633e-10 -9.253552077e-10 -5.716002040e-10 8.217458844e-10 5.593946073e-10 -7.329322196e-10 -5.471293506e-10 6.562184144e-10 5.346423919e-10 -5.892149826e-10 -5.218071830e-10 5.301329665e-10 5.085768356e-10 -4.776582965e-10 -4.949699285e-10 4.308088396e-10 
-8.868888889e-02 1.924224613e-09 -4.457695546e-09 -1.996496771e-09 4.091489541e-09 1.989196202e-09 -3.642579853e-09 -1.968436899e-09 3.247437342e-09 1.943380266e-09 -2.908265244e-09 -1.915215477e-09 2.614891194e-09 1.883898203e-09 -2.358229567e-09 -1.849375449e-09 2.131476897e-09 1.811782701e-09 -1.929646707e-09 -1.771424224e-09 1.749024878e-09 
-6.868888889e-02 6.223608337e-09 -1.733599192e-08 -6.584476574e-09 1.596668662e-08 6.663768533e-09 -1.426529497e-08 -6.679295497e-09 1.276426943e-08 6.665219375e-09 -1.147413421e-08 -6.628465718e-09 1.035665818e-08 6.571030935e-09 -9.377430979e-09 -6.494334976e-09 8.510680852e-09 6.400078534e-09 -7.737560331e-09 -6.290297974e-09 7.044079371e-09 
-4.868888889e-02 1.943411891e-08 -6.711948358e-08 -2.112660816e-08 6.202101806e-08 2.183210450e-08 -5.559814402e-08 -2.224844540e-08 4.991870003e-08 2.250246693e-08 -4.503067027e-08 -2.262949732e-08 4.079095520e-08 2.264529195e-08 -3.706974697e-08 -2.256136556e-08 3.376980741e-08 2.238864566e-08 -3.082018126e-08 -2.213816965e-08 2.816838168e-08 
-2.868888889e-02 5.759230198e-08 -2.587524103e-07 -6.521484385e-08 2.398520442e-07 6.941593907e-08 -2.157021655e-07 -7.234513678e-08 1.942981204e-07 7.447122848e-08 -1.758518014e-07 -7.596205891e-08 1.598298323e-07 7.690819910e-08 -1.457444970e-07 -7.737640232e-08 1.332303790e-07 7.742492675e-08 -1.220214243e-07 -7.710799373e-08 1.119214888e-07 
-8.688888889e-03 1.564141542e-07 -9.933518407e-07 -1.897762589e-07 9.236100762e-07 2.114346403e-07 -8.331783662e-07 -2.276231744e-07 7.528391932e-07 2.400662744e-07 -6.835065171e-07 -2.495264535e-07 6.232009967e-07 2.564627609e-07 -5.700977210e-07 -2.612148877e-07 5.228290824e-07 2.640665440e-07 -4.804015057e-07 -2.652687683e-07 4.420845069e-07 
1.131111111e-02 3.555736707e-07 -3.797537493e-06 -4.984932227e-07 3.541468260e-06 6.020286112e-07 -3.204284955e-06 -6.824487379e-07 2.904000489e-06 7.460641967e-07 -2.644486413e-06 -7.962329223e-07 2.418432137e-06 8.351269143e-07 -2.219038912e-06 -8.643567121e-07 2.041209908e-06 8.852298137e-07 -1.881248858e-06 -8.988573754e-07 1.736437994e-06 
3.131111111e-02 4.420994917e-07 -1.445234952e-05 -1.044060979e-06 1.351741696e-05 1.516216897e-06 -1.226612963e-05 -1.892055173e-06 1.114889161e-05 2.194537164e-06 -1.018186917e-05 -2.438108131e-06 9.338210061e-06 2.632599200e-06 -8.592709007e-06 -2.785302454e-06 7.926454719e-06 2.902002476e-06 -7.325732387e-06 -2.987373376e-06 6.780335420e-06 
5.131111111e-02 -1.753170619e-06 -5.467453169e-05 -7.459527201e-07 5.128579123e-05 2.828672563e-06 -4.667033886e-05 -4.514784537e-06 4.253732385e-05 5.887233881e-06 -3.895348233e-05 -7.006943373e-06 3.582096626e-05 7.916951984e-06 -3.304694252e-05 -8.649088873e-06 3.056156747e-05 9.227890671e-06 -2.831380399e-05 -9.671079743e-06 2.626338488e-05 
7.131111111e-02 -1.930892979e-05 -2.044860053e-04 9.085149466e-06 1.923571348e-04 -1.515968774e-07 -1.755124280e-04 -7.167340617e-06 1.603695301e-04 1.316778292e-05 -1.472015737e-04 -1.810102899e-05 1.356578197e-04 2.214928761e-05 -1.254005400e-04 -2.544570462e-05 1.161730072e-04 2.808694466e-05 -1.077806017e-04 -3.011858719e-05 1.000352861e-04 
9.131111111e-02 -1.153146397e-04 -7.415362625e-04 7.443847089e-05 6.994426325e-04 -3.742451741e-05 -6.395650638e-04 6.876369041e-06 5.853442573e-04 1.823389756e-05 -5.378926875e-04 -3.890106151e-05 4.960114523e-04 5.585467349e-05 -4.585122350e-04 -6.960749510e-05 4.244575047e-04 8.046878438e-05 -3.930399490e-04 -8.828795067e-05 3.630430863e-04 
1.113111111e-01 -5.187789484e-04 -2.458310594e-03 3.640798108e-04 2.324268673e-03 -2.211353242e-04 -2.126574484e-03 1.030776538e-04 1.944333362e-03 -6.620209426e-06 -1.782073645e-03 -7.178100226e-05 1.636306008e-03 1.346904734e-04 -1.503300084e-03 -1.837168443e-04 1.379782314e-03 2.192288085e-04 -1.262013010e-03 -2.376292030e-04 1.140804286e-03 
1.313111111e-01 -1.667327815e-03 -6.644004145e-03 1.154199187e-03 6.291606046e-03 -6.819015459e-04 -5.737915791e-03 2.967698599e-04 5.206498220e-03 9.734101036e-06 -4.715575501e-03 -2.476893789e-04 4.259665522e-03 4.242207944e-04 -3.831135018e-03 -5.429296604e-04 3.421679227e-03 6.012980375e-04 -3.017562831e-03 -5.741837193e-04 2.573251379e-03 
1.513111111e-01 -3.600352912e-03 -1.355160393e-02 2.230262114e-03 1.282748468e-02 -1.008048113e-03 -1.157986139e-02 4.867451531e-05 1.030815825e-02 6.643971026e-04 -9.080073346e-03 -1.154761445e-03 7.908088819e-03 1.441901088e-03 -6.795405721e-03 -1.538376662e-03 5.738991311e-03 1.440611281e-03 -4.718446548e-03 -1.082206012e-03 3.636645594e-03 
1.713111111e-01 -5.630311356e-03 -2.193500720e-02 2.713767037e-03 2.067063188e-02 -2.448181056e-04 -1.829085874e-02 -1.553991646e-03 1.573300740e-02 2.715289048e-03 -1.320818793e-02 -3.304454896e-03 1.081861919e-02 3.396320244e-03 -8.633166941e-03 -3.065446759e-03 6.692538100e-03 2.366881685e-03 -4.995952135e-03 -1.272007648e-03 3.434866571e-03 
1.913111111e-01 -7.140672046e-03 -3.076229785e-02 1.949477081e-03 2.868706906e-02 2.150310979e-03 -2.458865436e-02 -4.792752757e-03 2.007760617e-02 6.076590177e-03 -1.568950480e-02 -6.215340598e-03 1.174410453e-02 5.478685586e-03 -8.442079335e-03 -4.151892353e-03 5.871053617e-03 2.490591227e-03 -4.000111252e-03 -6.622727009e-04 2.632244509e-03 
2.113111111e-01 -7.893368071e-03 -3.960676701e-02 -2.219832614e-04 3.628649610e-02 6.090493618e-03 -2.973015509e-02 -9.199871601e-03 2.258228774e-02 9.876969394e-03 -1.596878483e-02 -8.737193093e-03 1.055243207e-02 6.510152564e-03 -6.636436228e-03 -3.894263645e-03 4.194880472e-03 1.438829546e-03 -2.926514694e-03 5.135478183e-04 2.274224239e-03 
2.313111111e-01 -7.865637844e-03 -4.829629545e-02 -3.674176579e-03 4.313643653e-02 1.113403096e-02 -3.330492259e-02 -1.394787901e-02 2.298868703e-02 1.302382507e-02 -1.420139309e-02 -9.808788788e-03 7.953052034e-03 5.813115882e-03 -4.391856130e-03 -2.234839715e-03 2.985827849e-03 -2.576067431e-04 -2.801034787e-03 1.528754598e-03 2.719684052e-03 
2.513111111e-01 -7.111755275e-03 -5.673537427e-02 -8.168438534e-03 4.902141247e-02 1.671649512e-02 -3.513254040e-02 -1.818235567e-02 2.143625795e-02 1.465298839e-02 -1.105640336e-02 -8.955757261e-03 5.089285998e-03 3.579180063e-03 -2.971156565e-03 2.408790286e-05 3.137621595e-03 -1.608005191e-03 -3.815625481e-03 1.810197778e-03 3.560998156e-03 
2.713111111e-01 -5.697950267e-03 -6.485938094e-02 -1.344598722e-02 5.380956763e-02 2.229332405e-02 -3.522728680e-02 -2.123548472e-02 1.836908282e-02 1.437535609e-02 -7.474742246e-03 -6.434640738e-03 3.092575359e-03 7.244545749e-04 -3.158701617e-03 1.737933622e-03 4.689532633e-03 -1.863846191e-03 -5.343548367e-03 1.344861541e-03 4.104149853e-03 
2.913111111e-01 -3.680901484e-03 -7.262462926e-02 -1.926665749e-02 5.743999285e-02 2.741277236e-02 -3.375877358e-02 -2.272575274e-02 1.441062982e-02 1.232008212e-02 -4.399248952e-03 -3.067782740e-03 2.705355676e-03 -1.580812390e-03 -4.974720504e-03 2.068748777e-03 6.897461775e-03 -9.752851179e-04 -6.434655218e-03 6.255547598e-04 3.915987291e-03 
3.113111111e-01 -1.109566111e-03 -8.000256378e-02 -2.541468120e-02 5.990732156e-02 3.173661271e-02 -3.100041941e-02 -2.256107530e-02 1.022833194e-02 9.016509996e-03 -2.548101042e-03 1.046485845e-04 4.086588924e-03 -2.440503200e-03 -7.743361617e-03 9.042061054e-04 8.685702745e-03 4.242870768e-04 -6.421842744e-03 2.740331218e-04 3.091587820e-03 
3.313111111e-01 1.965100308e-03 -8.697334276e-02 -3.169056694e-02 6.124502799e-02 3.503135045e-02 -2.727874118e-02 -2.088123025e-02 6.422025931e-03 5.194002844e-03 -2.288190741e-03 2.191354277e-03 6.838353206e-03 -1.579497023e-03 -1.043523121e-02 -1.130881189e-03 9.206239120e-03 1.422963607e-03 -5.289955139e-03 6.358516962e-04 2.145987828e-03 
3.513111111e-01 5.483534786e-03 -9.352086965e-02 -3.790455549e-02 6.151268323e-02 3.715210862e-02 -2.293453710e-02 -1.797992333e-02 3.455499821e-03 1.582242586e-03 -3.621232959e-03 2.701384142e-03 1.020440360e-02 6.073612758e-04 -1.210377229e-02 -3.019100724e-03 8.227047610e-03 1.348076336e-03 -3.647809990e-03 1.590725209e-03 1.665930154e-03 
3.713111111e-01 9.378597640e-03 -9.963096672e-02 -4.387898658e-02 6.078917710e-02 3.803231883e-02 -1.829861611e-02 -1.423520583e-02 1.630964452e-03 -1.232247101e-03 -6.256399084e-03 1.620638280e-03 1.334056003e-02 3.274131112e-03 -1.222882605e-02 -3.840907860e-03 6.196346189e-03 1.104610198e-04 -2.374891843e-03 2.652159197e-03 1.959252180e-03 
3.913111111e-01 1.358270160e-02 -1.052920401e-01 -4.945834145e-02 5.917003352e-02 3.768113022e-02 -1.367801582e-02 -1.005929282e-02 1.093582813e-03 -2.875143516e-03 -9.724804524e-03 -6.693077832e-04 1.555547196e-02 5.478619260e-03 -1.085302297e-02 -3.170594845e-03 4.000657410e-03 -1.776068247e-03 -2.163315685e-03 3.260421594e-03 2.894078720e-03 
4.113111111e-01 1.803636477e-02 -1.104951406e-01 -5.452092778e-02 5.676490509e-02 3.618358067e-02 -9.346285309e-03 -5.865465460e-03 1.849821653e-03 -3.190541708e-03 -1.349369300e-02 -3.564105023e-03 1.645610299e-02 6.516522263e-03 -8.498861659e-03 -1.220713553e-03 2.563848648e-03 -3.469205771e-03 -3.189490440e-03 3.089093539e-03 3.987123061e-03 
4.313111111e-01 2.269412164e-02 -1.152268573e-01 -5.898703619e-02 5.369076498e-02 3.369994761e-02 -5.531820951e-03 -2.046395269e-03 3.785332803e-03 -2.208721742e-03 -1.705269474e-02 -6.426447611e-03 1.598110598e-02 6.122845242e-03 -5.937443838e-03 1.286538419e-03 2.474152944e-03 -4.202646285e-03 -5.052307702e-03 2.207570690e-03 4.666966999e-03 
4.513111111e-01 2.752750880e-02 -1.194385408e-01 -6.282568056e-02 5.005411050e-02 3.047340488e-02 -2.395750752e-03 1.033826853e-03 6.666309196e-03 -9.534066361e-05 -1.995932311e-02 -8.744525303e-03 1.434492475e-02 4.511752568e-03 -3.913437535e-03 3.423313350e-03 3.778252237e-03 -3.621683565e-03 -6.976594296e-03 1.032483703e-03 4.570395903e-03 
4.713111111e-01 3.253059505e-02 -1.229509316e-01 -6.607788548e-02 4.590667433e-02 2.688197907e-02 2.550248433e-05 3.017313597e-03 1.009174686e-02 2.914990700e-03 -2.183881521e-02 -1.026363819e-02 1.193082906e-02 2.310660355e-03 -2.905290418e-03 4.382867772e-03 5.986092585e-03 -1.902178732e-03 -8.180453212e-03 9.256633170e-05 3.746847861e-03 
4.913111111e-01 3.773111985e-02 -1.252820467e-01 -6.891861125e-02 4.116441751e-02 2.354888152e-02 1.951883912e-03 3.519470294e-03 1.337634771e-02 6.603055190e-03 -2.235634333e-02 -1.112703503e-02 9.144393746e-03 4.466244697e-04 -2.931163178e-03 3.714666910e-03 8.258151199e-03 4.209846332e-04 -8.269447450e-03 -3.279628162e-04 2.682267049e-03 
5.113111111e-01 4.315863865e-02 -1.258212100e-01 -7.162050298e-02 3.563712581e-02 2.114690253e-02 3.890693615e-03 2.348743766e-03 1.566401132e-02 1.075818919e-02 -2.128568350e-02 -1.179979205e-02 6.195601583e-03 -2.518289907e-04 -3.465733705e-03 1.483104353e-03 9.750950010e-03 2.859598640e-03 -7.363492067e-03 -4.644126156e-04 1.938196442e-03 
5.313111111e-01 4.873992752e-02 -1.247034248e-01 -7.421105062e-02 2.935492967e-02 1.961430075e-02 6.143345687e-03 -3.671775211e-05 1.664405342e-02 1.496909529e-02 -1.871639933e-02 -1.239628480e-02 3.035556309e-03 2.038757876e-04 -3.836436883e-03 -1.698127294e-03 9.971403573e-03 5.101424324e-03 -5.643878616e-03 -7.188289892e-04 1.524779527e-03 
5.513111111e-01 5.433885752e-02 -1.226495560e-01 -7.644982354e-02 2.258839375e-02 1.833485319e-02 8.558077047e-03 -2.912331904e-03 1.662265465e-02 1.870039568e-02 -1.497625341e-02 -1.253503097e-02 -3.144210654e-04 1.200358654e-03 -3.762661964e-03 -5.011396876e-03 8.830655629e-03 6.743255836e-03 -3.187027995e-03 -1.101748899e-03 1.109054125e-03 
5.713111111e-01 5.986788430e-02 -1.201205520e-01 -7.814968557e-02 1.555231145e-02 1.691939848e-02 1.092189325e-02 -5.843232159e-03 1.588941827e-02 2.156645561e-02 -1.039060569e-02 -1.191447840e-02 -3.653491178e-03 2.266769167e-03 -3.254695800e-03 -7.792087538e-03 6.497013659e-03 7.390745415e-03 -2.558597236e-04 -1.408270690e-03 5.459227672e-04 
5.913111111e-01 6.528649372e-02 -1.172810265e-01 -7.922928350e-02 8.364107532e-03 1.524698599e-02 1.311466562e-02 -8.621773335e-03 1.458165425e-02 2.334601293e-02 -5.246485594e-03 -1.046032700e-02 -6.729026450e-03 3.159618489e-03 -2.394767721e-03 -9.585422930e-03 3.295088770e-03 6.856870038e-03 2.707276568e-03 -1.484381427e-03 -1.157950949e-04 
6.113111111e-01 7.057364677e-02 -1.141814007e-01 -7.965763710e-02 1.100549446e-03 1.330560531e-02 1.507076462e-02 -1.112484312e-02 1.277638424e-02 2.392313111e-02 1.748076322e-04 -8.241825803e-03 -9.305630496e-03 3.747904475e-03 -1.284852835e-03 -1.012543239e-02 -3.453098470e-04 5.197041118e-03 5.218053769e-03 -1.275500551e-03 -7.532791973e-04 
6.313111111e-01 7.571507175e-02 -1.108396302e-01 -7.942426743e-02 -6.173465376e-03 1.111943727e-02 1.674653721e-02 -1.326065971e-02 1.054259710e-02 2.326035079e-02 5.588011129e-03 -5.412718640e-03 -1.118831010e-02 3.960500432e-03 -4.257545647e-05 -9.331512117e-03 -3.940941852e-03 2.676071901e-03 6.859032651e-03 -8.108610118e-04 -1.236989433e-03 
6.513111111e-01 8.069895389e-02 -1.072655506e-01 -7.852895638e-02 -1.339621759e-02 8.726031312e-03 1.810869670e-02 -1.495568061e-02 7.956904779e-03 2.138972087e-02 1.071097466e-02 -2.180768734e-03 -1.223556480e-02 3.772607487e-03 1.204558654e-03 -7.305669367e-03 -7.015997188e-03 -2.895177353e-04 7.356438384e-03 -1.815333187e-04 -1.467317260e-03 
6.713111111e-01 8.551452874e-02 -1.034673164e-01 -7.697849724e-02 -2.050720384e-02 6.169300115e-03 1.913121831e-02 -1.615272976e-02 5.105968409e-03 1.840769502e-02 1.527726116e-02 1.213650275e-03 -1.236889945e-02 3.202364513e-03 2.329629813e-03 -4.314723880e-03 -9.163908183e-03 -3.206352548e-03 6.627156855e-03 4.845862210e-04 -1.396720176e-03 
6.913111111e-01 9.015162504e-02 -9.945302067e-02 -7.478561927e-02 -2.744702964e-02 3.496928535e-03 1.979480295e-02 -1.681171259e-02 2.084886899e-03 1.446901967e-02 1.904950112e-02 4.517279440e-03 -1.157827762e-02 2.307355462e-03 3.218398724e-03 -7.536722505e-04 -1.010076104e-02 -5.588345154e-03 4.792729105e-03 1.051148808e-03 -1.039567359e-03 
7.113111111e-01 9.460052404e-02 -9.523108155e-02 -7.196856033e-02 -3.415776453e-02 7.589760212e-04 2.008697301e-02 -1.691060897e-02 -1.005662479e-03 9.778334157e-03 2.183162242e-02 7.483420715e-03 -9.922739157e-03 1.178300307e-03 3.780675626e-03 2.906949132e-03 -9.702728042e-03 -7.038353677e-03 2.159047152e-03 1.401983008e-03 -4.691078849e-04 
7.313111111e-01 9.885192577e-02 -9.081032154e-02 -6.855081360e-02 -4.058339607e-02 -1.993207857e-03 2.000224039e-02 -1.644610431e-02 -4.062707349e-03 4.579418391e-03 2.347902005e-02 9.890522347e-03 -7.525950677e-03 -7.028255493e-05 3.959412105e-03 6.183385515e-03 -8.022407429e-03 -7.314590298e-03 -8.346881213e-04 1.465118815e-03 1.976099456e-04 
7.513111111e-01 1.028969508e-01 -8.619997179e-02 -6.456089990e-02 -4.667029208e-02 -4.707989173e-03 1.954219370e-02 -1.543366855e-02 -6.984395507e-03 -8.575150825e-04 2.390606837e-02 1.155877543e-02 -4.566956305e-03 -1.311732974e-03 3.736474027e-03 8.642637602e-03 -5.281864894e-03 -6.370994453e-03 -3.689224135e-03 1.227605958e-03 8.237766627e-04 
7.713111111e-01 1.067271530e-01 -8.140965789e-02 -6.003211987e-02 -5.236764755e-02 -7.334430798e-03 1.871546481e-02 -1.390703119e-02 -9.673385148e-03 -6.249877394e-03 2.309057097e-02 1.236355948e-02 -1.266799529e-03 -2.420109823e-03 3.134477621e-03 9.959698253e-03 -1.843283648e-03 -4.364928156e-03 -5.928520027e-03 7.381841015e-04 1.280901634e-03 
7.913111111e-01 1.103345356e-01 -7.644938086e-02 -5.500227315e-02 -5.762790875e-02 -9.823251746e-03 1.753756609e-02 -1.191705459e-02 -1.204008740e-02 -1.131739482e-02 2.107491423e-02 1.224475575e-02 2.127990158e-03 -3.282970765e-03 2.214494209e-03 9.960508304e-03 1.838901600e-03 -1.630936923e-03 -7.179135935e-03 9.728445022e-05 1.475181536e-03 
8.113111111e-01 1.137115671e-01 -7.132949653e-02 -4.951334196e-02 -6.240717014e-02 -1.212775288e-02 1.603059916e-02 -9.530038492e-03 -1.400565102e-02 -1.579667739e-02 1.796386426e-02 1.121123931e-02 5.363813853e-03 -3.812780255e-03 1.069854402e-03 8.644960824e-03 5.278061896e-03 1.375040363e-03 -7.232510773e-03 -5.635783007e-04 1.366749548e-03 
8.313111111e-01 1.168511972e-01 -6.606069396e-02 -4.361114041e-02 -6.666554094e-02 -1.420469347e-02 1.422284019e-02 -6.825510878e-03 -1.550458949e-02 -1.945490921e-02 1.391912150e-02 9.340216356e-03 8.198947767e-03 -3.955790116e-03 -1.833201840e-04 6.186915521e-03 8.019685867e-03 4.151706665e-03 -6.079743404e-03 -1.108793020e-03 9.778562593e-04 
8.513111111e-01 1.197468710e-01 -6.065397308e-02 -3.734493209e-02 -7.036747802e-02 -1.601510261e-02 1.214820926e-02 -3.893578269e-03 -1.648696280e-02 -2.210194944e-02 9.150916164e-03 6.771456803e-03 1.042160059e-02 -3.697492268e-03 -1.417897270e-03 2.911221925e-03 9.701446902e-03 6.236006403e-03 -3.913077078e-03 -1.426479928e-03 3.883037935e-04 
8.713111111e-01 1.223925431e-01 -5.512062180e-02 -3.076701882e-02 -7.348208264e-02 -1.752501046e-02 9.845633966e-03 -8.319236264e-04 -1.692004129e-02 -2.360021507e-02 3.907081292e-03 3.696853163e-03 1.186573482e-02 -3.064090558e-03 -2.508631259e-03 -7.492119557e-04 1.010108739e-02 7.280347716e-03 -1.093839665e-03 -1.451448674e-03 -2.809298308e-04 
8.913111111e-01 1.247826901e-01 -4.947219236e-02 -2.393230412e-02 -7.598335828e-02 -1.870608569e-02 7.358318949e-03 2.257448149e-03 -1.678939611e-02 -2.387183201e-02 -1.539828685e-03 3.460857122e-04 1.242347016e-02 -2.119842438e-03 -3.344869173e-03 -4.310631736e-03 9.165791789e-03 7.110569211e-03 1.907813818e-03 -1.178575590e-03 -8.925157708e-04 
9.113111111e-01 1.269123218e-01 -4.372047728e-02 -1.689783493e-02 -7.785042769e-02 -1.953616707e-02 4.732935240e-03 5.271608705e-03 -1.609937998e-02 -2.290268263e-02 -6.906704272e-03 -3.030535172e-03 1.205314244e-02 -9.605401601e-04 -3.841776196e-03 -7.302368503e-03 7.019166570e-03 5.754984297e-03 4.591307419e-03 -6.638550909e-04 -1.320954670e-03 
9.313111111e-01 1.287769922e-01 -3.787748473e-02 -9.722325486e-03 -7.906770708e-02 -1.999967925e-02 2.018744538e-03 8.110135496e-03 -1.487298209e-02 -2.074313962e-02 -1.191459585e-02 -6.180767801e-03 1.078241603e-02 2.962071684e-04 -3.948942017e-03 -9.329041320e-03 3.944904705e-03 3.439659442e-03 6.509123673e-03 -1.290944132e-05 -1.478329519e-03 
9.513111111e-01 1.303728082e-01 -3.195541340e-02 -2.465667229e-03 -7.962503627e-02 -2.008792508e-02 -7.333251160e-04 1.067845755e-02 -1.315106225e-02 -1.750544774e-02 -1.630321241e-02 -8.869282230e-03 8.706217251e-03 1.522904819e-03 -3.655494858e-03 -1.012280985e-02 3.492934575e-04 5.507138133e-04 7.341434626e-03 6.406852662e-04 -1.332346506e-03 
9.713111111e-01 1.316964382e-01 -2.596662712e-02 4.811571082e-03 -7.951776342e-02 -1.979924874e-02 -3.471634937e-03 1.289100630e-02 -1.099098952e-02 -1.335788980e-02 -1.984445050e-02 -1.089523998e-02 5.979643131e-03 2.595106547e-03 -2.991204398e-03 -9.578771486e-03 -3.292479597e-03 -2.430072560e-03 6.949438497e-03 1.162809344e-03 -9.129618020e-04 
9.913111111e-01 1.327451188e-01 -1.992362897e-02 1.204864891e-02 -7.874678391e-02 -1.913906684e-02 -6.144804324e-03 1.467406642e-02 -8.464730878e-03 -8.516039964e-03 -2.235425013e-02 -1.210729713e-02 2.806375307e-03 3.404039439e-03 -2.023461697e-03 -7.768825081e-03 -6.499126245e-03 -5.005603667e-03 5.398507201e-03 1.446321290e-03 -3.062344674e-04 
1.011311111e+00 1.335166606e-01 -1.383903525e-02 1.918516092e-02 -7.731853281e-02 -1.811976679e-02 -8.702674945e-03 1.596823184e-02 -5.656453474e-03 -3.231559016e-03 -2.370216155e-02 -1.241491011e-02 -5.765354916e-04 3.867638726e-03 -8.504424887e-04 -4.932168914e-03 -8.846863562e-03 -6.746366595e-03 2.947284486e-03 1.433043562e-03 3.633331422e-04 
1.031311111e+00 1.340094529e-01 -7.725549059e-03 2.616154118e-02 -7.524493125e-02 -1.676047434e-02 -1.109725189e-02 1.673038497e-02 -2.659720463e-03 2.220885980e-03 -2.381812548e-02 -1.179509948e-02 -3.916377705e-03 3.938873104e-03 4.088525618e-04 -1.443688834e-03 -1.002542007e-02 -7.362059993e-03 4.552760885e-06 1.125700791e-03 9.583436493e-04 
1.051311111e+00 1.342224667e-01 -1.595933844e-03 3.291956029e-02 -7.254328684e-02 -1.508669475e-02 -1.328360423e-02 1.693513319e-02 4.256262421e-04 7.557897837e-03 -2.269611456e-02 -1.029416660e-02 -6.963657097e-03 3.610515973e-03 1.626670264e-03 2.235585787e-03 -9.879040504e-03 -6.750006685e-03 -2.938938214e-03 5.873606809e-04 1.356699028e-03 
1.071311111e+00 1.341552574e-01 4.537013284e-03 3.940281147e-02 -6.923614926e-02 -1.312983416e-02 -1.522070809e-02 1.657565495e-02 3.496792391e-03 1.250207914e-02 -2.039444662e-02 -8.024234745e-03 -9.490734579e-03 2.915878569e-03 2.679465229e-03 5.619410617e-03 -8.427070036e-03 -5.012276802e-03 -5.392312058e-03 -7.150768696e-05 1.476655502e-03 
