# nmin = 1 nmax = 11 
#   t        rebeta             imbeta
#
#
-4.886888889e-01 0.000000000e+00 0.000000000e+00 0.000000000e+00 0.000000000e+00 0.000000000e+00 0.000000000e+00 0.000000000e+00 0.000000000e+00 0.000000000e+00 0.000000000e+00 0.000000000e+00 0.000000000e+00 0.000000000e+00 0.000000000e+00 0.000000000e+00 0.000000000e+00 5.551115123e-17 -4.336808690e-19 0.000000000e+00 0.000000000e+00 
-4.686888889e-01 0.000000000e+00 0.000000000e+00 0.000000000e+00 0.000000000e+00 0.000000000e+00 0.000000000e+00 0.000000000e+00 0.000000000e+00 0.000000000e+00 0.000000000e+00 0.000000000e+00 0.000000000e+00 0.000000000e+00 0.000000000e+00 0.000000000e+00 0.000000000e+00 -5.551115123e-17 5.551115123e-17 0.000000000e+00 0.000000000e+00 
-4.486888889e-01 0.000000000e+00 0.000000000e+00 0.000000000e+00 0.000000000e+00 0.000000000e+00 0.000000000e+00 0.000000000e+00 0.000000000e+00 0.000000000e+00 0.000000000e+00 0.000000000e+00 0.000000000e+00 0.000000000e+00 0.000000000e+00 0.000000000e+00 0.000000000e+00 -3.053113318e-16 1.110223025e-16 0.000000000e+00 0.000000000e+00 
-4.286888889e-01 8.760937228e-20 -5.655699988e-19 -1.329287669e-19 7.215527303e-19 1.717209792e-19 -8.029709185e-19 -2.066417186e-19 8.474077074e-19 2.386302537e-19 -8.700683647e-19 -2.681625810e-19 8.787607166e-19 2.955333442e-19 -8.780059710e-19 -3.209483945e-19 8.706251803e-19 -4.440892099e-16 2.775557562e-16 -3.664994220e-19 8.428165872e-19 
-4.086888889e-01 -4.117174332e-19 -1.673443511e-18 4.272439018e-19 2.144262998e-18 -3.672708851e-19 -2.391033596e-18 2.747704407e-19 2.522734795e-18 -1.680512854e-19 -2.583858267e-18 5.671009037e-20 2.597702050e-18 5.369357943e-20 -2.578167097e-18 -1.597533147e-19 2.534287282e-18 -1.665334537e-16 -2.775557562e-16 -3.510301601e-19 2.396808369e-18 
-3.886888889e-01 -4.021675462e-18 -4.010157210e-18 4.842070457e-18 5.263438143e-18 -5.069139498e-18 -5.994525483e-18 5.018174545e-18 6.443814225e-18 -4.820877377e-18 -6.710324767e-18 4.546284197e-18 6.847607615e-18 -4.234779531e-18 -6.889285731e-18 3.911459091e-18 6.858671820e-18 -2.220446049e-16 -3.885780586e-16 3.287936374e-18 6.646205970e-18 
-3.686888889e-01 -2.037140677e-17 -4.077226658e-18 2.542921625e-17 6.123541857e-18 -2.765363026e-17 -7.751379581e-18 2.849548689e-17 9.077129008e-18 -2.855656111e-17 -1.015053966e-17 2.815304417e-17 1.100639321e-17 -2.747135919e-17 -1.167456450e-17 2.662871983e-17 1.218253689e-17 -6.661338148e-16 -6.938893904e-16 2.473960153e-17 1.281858195e-17 
-3.486888889e-01 -7.287348231e-17 2.898443963e-17 9.318290036e-17 -3.306655988e-17 -1.037307838e-16 3.266521786e-17 1.093416111e-16 -3.035484015e-17 -1.120108104e-16 2.718960851e-17 1.127949036e-16 -2.369196126e-17 -1.123263595e-16 2.013966232e-17 1.110117020e-16 -1.668207250e-17 -5.551115123e-17 -1.110223025e-15 1.068491764e-16 -1.031838510e-17 
-3.286888889e-01 -1.738520321e-16 2.415687986e-16 2.306362518e-16 -2.963030737e-16 -2.654673194e-16 3.167464895e-16 2.884869585e-16 -3.209276536e-16 -3.038886350e-16 3.162595774e-16 3.139441261e-16 -3.065541530e-16 -3.200668633e-16 2.939901352e-16 3.232119210e-16 -2.798886374e-16 3.608224830e-16 -4.440892099e-16 3.231111802e-16 -2.500955597e-16 
-3.086888889e-01 -6.518121510e-17 1.127831496e-15 1.359145254e-16 -1.418993461e-15 -2.062656410e-16 1.555552782e-15 2.719629581e-16 -1.615832467e-15 -3.312802767e-16 1.632081435e-15 3.836627330e-16 -1.621133779e-15 -4.291361949e-16 1.592874217e-15 4.680192556e-16 -1.553531697e-15 7.216449660e-16 7.771561172e-16 5.279185239e-16 -1.456741590e-15 
-2.886888889e-01 2.084424965e-15 3.745789875e-15 -2.449515401e-15 -4.822637119e-15 2.501306725e-15 5.403289834e-15 -2.412846852e-15 -5.729890202e-15 2.255354864e-15 5.902220408e-15 -2.064946170e-15 -5.973118272e-15 1.861718108e-15 5.974385681e-15 -1.657353626e-15 -5.926738041e-15 3.108624469e-15 5.995204333e-15 -1.269800407e-15 -5.737554655e-15 
-2.686888889e-01 1.429135126e-14 7.761738972e-15 -1.764940703e-14 -1.046927597e-14 1.899504329e-14 1.222402622e-14 -1.937497315e-14 -1.344977520e-14 1.922033786e-14 1.432139460e-14 -1.875436888e-14 -1.493482584e-14 1.810615759e-14 1.535124571e-14 -1.735521842e-14 -1.561344027e-14 1.776356839e-14 1.677130657e-14 -1.573087454e-14 -1.579503213e-14 
-2.486888889e-01 6.155472516e-14 -4.188393404e-15 -7.781423277e-14 2.341572150e-15 8.569074151e-14 5.437461703e-16 -8.939871181e-14 -3.697239886e-15 9.067484269e-14 6.802734642e-15 -9.042933776e-14 -9.713972301e-15 8.920005825e-14 1.236475078e-14 -8.732854216e-14 -1.473070862e-14 8.582023980e-14 1.851296894e-14 -8.249639433e-14 -1.861497954e-14 
-2.286888889e-01 1.886523318e-13 -1.385403903e-13 -2.444867541e-13 1.656759705e-13 2.755803928e-13 -1.724450892e-13 -2.938670840e-13 1.698821067e-13 3.042672248e-13 -1.625298363e-13 -3.093990869e-13 1.527066501e-13 3.108508129e-13 -1.417176099e-13 -3.096665769e-13 1.303348035e-13 3.066991106e-13 -1.173505737e-13 -3.020855933e-13 1.080688835e-13 
-2.086888889e-01 3.226547232e-13 -8.272406750e-13 -4.463375104e-13 1.027655676e-12 5.321728533e-13 -1.112543662e-12 -5.959563993e-13 1.141507210e-12 6.442145640e-13 -1.139099003e-12 -6.806212706e-13 1.118066859e-12 7.076103477e-13 -1.085818966e-12 -7.269564713e-13 1.046950847e-12 7.392975121e-13 -1.002919969e-12 -7.479349109e-13 9.602184468e-13 
-1.886888889e-01 -6.480770122e-13 -3.305609488e-12 6.593027785e-13 4.198974486e-12 -5.569203406e-13 -4.645361288e-12 4.114911820e-13 4.867791297e-12 -2.520197168e-13 -4.958175264e-12 9.265128113e-14 4.964813342e-12 5.935043284e-14 -4.916381758e-12 -2.003277544e-13 4.831208039e-12 3.274047700e-13 -4.721334435e-12 -4.438277453e-13 4.596037365e-12 
-1.686888889e-01 -8.795329075e-12 -9.270818045e-12 1.064727382e-11 1.210953584e-11 -1.122672568e-11 -1.374747566e-11 1.121304601e-11 1.475556318e-11 -1.088597013e-11 -1.536923834e-11 1.038898946e-11 1.571445682e-11 -9.803662608e-12 -1.586830607e-11 9.178961337e-12 1.588205631e-11 -8.546219288e-12 -1.579217312e-11 7.920965975e-12 1.562375438e-11 
-1.486888889e-01 -4.701756117e-11 -1.181665830e-11 5.871992622e-11 1.714481573e-11 -6.390548938e-11 -2.121342093e-11 6.591086064e-11 2.447023427e-11 -6.611065043e-11 -2.710076076e-11 6.522051300e-11 2.921676652e-11 -6.365838906e-11 -3.089938224e-11 6.168535996e-11 3.221328510e-11 -5.947264903e-11 -3.321351527e-11 5.713081511e-11 3.394310721e-11 
-1.286888889e-01 -1.746222353e-10 5.772496054e-11 2.229368844e-10 -6.444631026e-11 -2.478172134e-10 6.195510872e-11 2.608609006e-10 -5.559962578e-11 -2.668480455e-10 4.757990917e-11 2.682981536e-10 -3.899270668e-11 -2.667148498e-10 3.042771655e-11 2.630658763e-10 -2.220848298e-11 -2.580065050e-10 1.450628506e-11 2.519935101e-10 -7.409442870e-12 
-1.086888889e-01 -4.419920753e-10 5.398619325e-10 5.830858956e-10 -6.596026264e-10 -6.678440554e-10 7.021985145e-10 7.225433834e-10 -7.083558049e-10 -7.580228712e-10 6.948382127e-10 7.801233339e-10 -6.702802520e-10 -7.924623247e-10 6.396272757e-10 7.974819333e-10 -6.058828038e-10 -7.969272742e-10 5.709299700e-10 7.920987558e-10 -5.359726585e-10 
-8.868888889e-02 -3.183410679e-10 2.627690037e-09 5.268759063e-10 -3.298039582e-09 -7.117780023e-10 3.606770422e-09 8.744691663e-10 -3.737682767e-09 -1.015591350e-09 3.766505407e-09 1.136301470e-09 -3.732768455e-09 -1.238134248e-09 3.659665941e-09 1.322806537e-09 -3.561782590e-09 -1.392078314e-09 3.448703212e-09 1.447673240e-09 -3.326910628e-09 
-6.868888889e-02 4.321750633e-09 9.063855707e-09 -5.016443617e-09 -1.163494948e-08 5.051755304e-09 1.299970355e-08 -4.796750838e-09 -1.374973820e-08 4.403311468e-09 1.412892510e-08 -3.948086211e-09 -1.426623480e-08 3.473306814e-09 1.423907974e-08 -3.003121111e-09 -1.409766611e-08 2.551373168e-09 1.387627635e-08 -2.125726373e-09 -1.359916707e-08 
-4.868888889e-02 3.226743874e-08 2.024737913e-08 -3.971896756e-08 -2.707070352e-08 4.260625908e-08 3.137035899e-08 -4.331407477e-08 -3.429114635e-08 4.282463282e-08 3.630547390e-08 -4.164561118e-08 -3.767063859e-08 4.006964169e-08 3.854875321e-08 -3.827612828e-08 -3.905154583e-08 3.637909796e-08 3.926068653e-08 -3.445241414e-08 -3.923827443e-08 
-2.868888889e-02 1.445122572e-07 -7.366898928e-10 -1.822499168e-07 -5.972134690e-09 2.002380417e-07 1.387525878e-08 -2.084422658e-07 -2.179200734e-08 2.109689850e-07 2.923896118e-08 -2.099673448e-07 -3.600829115e-08 2.067041964e-07 4.202441357e-08 -2.019812903e-07 -4.728051536e-08 1.963298518e-07 5.180638618e-08 -1.901126245e-07 -5.565070006e-08 
-8.688888889e-03 4.613767258e-07 -2.960994737e-07 -5.958872240e-07 3.513167702e-07 6.695669632e-07 -3.625650205e-07 -7.119360509e-07 3.538825720e-07 7.351646957e-07 -3.351647166e-07 -7.457141820e-07 3.114456287e-07 7.474885679e-07 -2.855425062e-07 -7.430418826e-07 2.591069013e-07 7.341357809e-07 -2.331232980e-07 -7.220293221e-07 2.081734923e-07 
1.131111111e-02 8.759163129e-07 -1.885988618e-06 -1.194508596e-06 2.336188709e-06 1.407629803e-06 -2.521935055e-06 -1.560970705e-06 2.580212306e-06 1.673398425e-06 -2.567447499e-06 -1.755375238e-06 2.512896005e-06 1.813678481e-06 -2.433515256e-06 -1.853129462e-06 2.339785086e-06 1.877363679e-06 -2.238436994e-06 -1.889206900e-06 2.133884145e-06 
3.131111111e-02 -1.025986894e-06 -7.817576105e-06 9.201219788e-07 9.905988847e-06 -6.148352963e-07 -1.093336849e-05 2.420936463e-07 1.143112225e-05 1.438848500e-07 -1.161824726e-05 -5.171641232e-07 1.160966788e-05 8.649869439e-07 -1.147344072e-05 -1.181480560e-06 1.125289279e-05 1.464555437e-06 -1.097689404e-05 -1.714069850e-06 1.066501814e-05 
5.131111111e-02 -1.912164910e-05 -2.292321644e-05 2.301187906e-05 2.981680937e-05 -2.411364606e-05 -3.372005543e-05 2.392632688e-05 3.606491710e-05 -2.306740047e-05 -3.744187349e-05 2.185291070e-05 3.816586571e-05 -2.046172879e-05 -3.842854923e-05 1.900057809e-05 3.835616776e-05 -1.753482685e-05 -3.803557268e-05 1.610505860e-05 3.752378945e-05 
7.131111111e-02 -1.069348145e-04 -3.459901382e-05 1.331345261e-04 4.876031441e-05 -1.444312847e-04 -5.899199364e-05 1.484813725e-04 6.683663419e-05 -1.484407901e-04 -7.293137299e-05 1.459509160e-04 7.764207166e-05 -1.419672497e-04 -8.121676333e-05 1.370818726e-04 8.383702750e-05 -1.316703940e-04 -8.563206345e-05 1.259429464e-04 8.663614220e-05 
9.131111111e-02 -4.025818113e-04 9.944310077e-05 5.120216643e-04 -1.055025108e-04 -5.668506054e-04 9.486380949e-05 5.940919907e-04 -7.768939301e-05 -6.049010282e-04 5.818078888e-05 6.051479958e-04 -3.842611328e-05 -5.983029824e-04 1.954660597e-05 5.865217036e-04 -2.182843440e-06 -5.710502121e-04 -1.320997309e-05 5.518099423e-04 2.583831875e-05 
1.113111111e-01 -1.024684885e-03 9.988030390e-04 1.340173978e-03 -1.201632923e-03 -1.520098486e-03 1.257670426e-03 1.626695272e-03 -1.245597045e-03 -1.685720359e-03 1.198168291e-03 1.710941150e-03 -1.132378807e-03 -1.710518424e-03 1.058004710e-03 1.689065301e-03 -9.810090118e-04 -1.647366404e-03 9.051952010e-04 1.574805606e-03 -8.331395498e-04 
1.313111111e-01 -1.344648989e-03 3.943094038e-03 1.920732710e-03 -4.842110265e-03 -2.328317234e-03 5.162464846e-03 2.617852416e-03 -5.198698898e-03 -2.810207456e-03 5.075848788e-03 2.917624336e-03 -4.860686537e-03 -2.947439572e-03 4.592372692e-03 2.901064047e-03 -4.293709203e-03 -2.766486886e-03 3.973554257e-03 2.475249997e-03 -3.609366361e-03 
1.513111111e-01 4.253728853e-04 9.249132648e-03 1.986334915e-04 -1.143603595e-02 -9.232813112e-04 1.220098339e-02 1.569025496e-03 -1.222502009e-02 -2.059935410e-03 1.181326265e-02 2.363262892e-03 -1.113940639e-02 -2.465738158e-03 1.031025999e-02 2.357118088e-03 -9.386519036e-03 -2.005753209e-03 8.378038990e-03 1.267610214e-03 -7.154224015e-03 
1.713111111e-01 5.055663825e-03 1.502750101e-02 -4.569365098e-03 -1.867330235e-02 3.284321887e-03 1.979575630e-02 -1.954668440e-03 -1.950966479e-02 8.996098375e-04 1.837724531e-02 -2.522769993e-04 -1.675863182e-02 4.789852319e-05 1.489440150e-02 -2.743278007e-04 -1.292658870e-02 9.169811888e-04 1.087987234e-02 -2.036402128e-03 -8.487038100e-03 
1.913111111e-01 1.125831740e-02 1.958323516e-02 -1.065990062e-02 -2.452275664e-02 8.316948147e-03 2.572116099e-02 -5.885821784e-03 -2.468850731e-02 4.057507503e-03 2.234996330e-02 -3.068280057e-03 -1.938015744e-02 2.897055091e-03 1.624931320e-02 -3.386798768e-03 -1.322364172e-02 4.328901087e-03 1.033759763e-02 -5.475719370e-03 -7.190861874e-03 
2.113111111e-01 1.742519087e-02 2.294630499e-02 -1.608598663e-02 -2.906295332e-02 1.208739753e-02 3.003285491e-02 -8.255982035e-03 -2.779958998e-02 5.710733430e-03 2.385971756e-02 -4.678139414e-03 -1.938775233e-02 4.881496658e-03 1.515980063e-02 -5.821049996e-03 -1.152107365e-02 6.959938619e-03 8.392274758e-03 -7.693758793e-03 -5.142089805e-03 
2.313111111e-01 2.303274557e-02 2.617225276e-02 -2.027405960e-02 -3.357446358e-02 1.414159995e-02 3.404308417e-02 -8.885647182e-03 -3.018613516e-02 6.004065425e-03 2.441255756e-02 -5.446833663e-03 -1.859191798e-02 6.378007195e-03 1.376801092e-02 -7.777381307e-03 -1.014922563e-02 8.806888679e-03 7.286437784e-03 -8.750598904e-03 -4.175794816e-03 
2.513111111e-01 2.881447272e-02 3.009084048e-02 -2.420947781e-02 -3.901556830e-02 1.572562389e-02 3.870113145e-02 -9.324092020e-03 -3.285478299e-02 6.699081871e-03 2.522973769e-02 -7.107616096e-03 -1.849452936e-02 8.838707262e-03 1.371530031e-02 -1.034349475e-02 -1.058149544e-02 1.076849954e-02 8.022441919e-03 -9.709164753e-03 -4.690616155e-03 
2.713111111e-01 3.604420425e-02 3.446698987e-02 -2.952330325e-02 -4.503603282e-02 1.874892527e-02 4.358527016e-02 -1.170299043e-02 -3.548375050e-02 9.932238686e-03 2.624904839e-02 -1.149160341e-02 -1.924107019e-02 1.361628599e-02 1.506434492e-02 -1.451582628e-02 -1.246858474e-02 1.381540534e-02 9.737082614e-03 -1.172024372e-02 -5.530503879e-03 
2.913111111e-01 4.552130293e-02 3.795459047e-02 -3.725321646e-02 -4.995897553e-02 2.444532154e-02 4.692683811e-02 -1.734567558e-02 -3.647068571e-02 1.682869328e-02 2.615157893e-02 -1.925190168e-02 -1.961128486e-02 2.090939349e-02 1.634052260e-02 -2.036796766e-02 -1.390682545e-02 1.821849387e-02 1.031678019e-02 -1.515274776e-02 -4.838788609e-03 
3.113111111e-01 5.686936065e-02 3.875888899e-02 -4.701333772e-02 -5.160383998e-02 3.250766978e-02 4.650388852e-02 -2.591387147e-02 -3.383193488e-02 2.673242196e-02 2.321649148e-02 -2.927840614e-02 -1.785198322e-02 2.940406470e-02 1.546637893e-02 -2.680813403e-02 -1.259489756e-02 2.323489801e-02 7.711751126e-03 -1.923651464e-02 -1.241128258e-03 
3.313111111e-01 6.850211906e-02 3.557256790e-02 -5.698097971e-02 -4.841317952e-02 4.110639806e-02 4.082254702e-02 -3.547871872e-02 -2.635791452e-02 3.738987466e-02 1.641597843e-02 -3.905326233e-02 -1.276887562e-02 3.675088494e-02 1.096346985e-02 -3.200207645e-02 -7.148897666e-03 2.737250912e-02 1.146495121e-03 -2.237090342e-02 5.325086979e-03 
3.513111111e-01 7.821753041e-02 2.827404052e-02 -6.463119834e-02 -4.026977550e-02 4.769167378e-02 2.994214895e-02 -4.338011922e-02 -1.438495414e-02 4.590065544e-02 6.130518010e-03 -4.569217335e-02 -4.462780557e-03 4.057243335e-02 2.770206003e-03 -3.418504525e-02 2.117068602e-03 2.904667040e-02 -8.394027491e-03 -2.288596373e-02 1.351744113e-02 
3.713111111e-01 8.407659730e-02 1.806631907e-02 -6.779173870e-02 -2.863124824e-02 5.010944757e-02 1.556821593e-02 -4.737626151e-02 1.736513099e-04 4.990796004e-02 -5.850652907e-03 -4.712068770e-02 5.623498469e-03 3.947338360e-02 -7.677034669e-03 -3.243026434e-02 1.326676764e-02 2.727659772e-02 -1.856513840e-02 -1.984008382e-02 2.118447881e-02 
3.913111111e-01 8.513910678e-02 7.044742550e-03 -6.550318278e-02 -1.598546051e-02 4.748539021e-02 4.379839481e-04 -4.652800472e-02 1.448980404e-02 4.847292199e-02 -1.698241638e-02 -4.285131763e-02 1.529234080e-02 3.359459993e-02 -1.804422828e-02 -2.702291151e-02 2.354187826e-02 2.210085281e-02 -2.666220875e-02 -1.347338255e-02 2.628389457e-02 
4.113111111e-01 8.175800003e-02 -2.558880117e-03 -5.833714030e-02 -4.936393051e-03 4.052263786e-02 -1.265994521e-02 -4.147360415e-02 2.581836045e-02 4.230922223e-02 -2.491310848e-02 -3.408621302e-02 2.246947057e-02 2.452356757e-02 -2.602542601e-02 -1.932221110e-02 3.044800655e-02 1.456699852e-02 -3.070193848e-02 -5.147009248e-03 2.767267076e-02 
4.313111111e-01 7.537659212e-02 -9.107421031e-03 -4.812233660e-02 2.658741515e-03 3.117875159e-02 -2.178498518e-02 -3.407904209e-02 3.238148032e-02 3.339151927e-02 -2.829627038e-02 -2.320899009e-02 2.595684807e-02 1.468700566e-02 -3.016068731e-02 -1.124560819e-02 3.264170765e-02 6.364409891e-03 -3.012144853e-02 3.145937312e-03 2.546246772e-02 
4.513111111e-01 6.800066191e-02 -1.199144602e-02 -3.730038316e-02 6.179676387e-03 2.196954552e-02 -2.633279179e-02 -2.673099324e-02 3.382353641e-02 2.422857827e-02 -2.717200275e-02 -1.298788943e-02 2.578298039e-02 6.563904621e-03 -3.025712360e-02 -4.665556154e-03 3.032489823e-02 -6.798175902e-04 -2.589809267e-02 9.439887473e-03 2.090268130e-02 
4.713111111e-01 6.161260889e-02 -1.168278244e-02 -2.823796642e-02 6.272909899e-03 1.524187315e-02 -2.703661068e-02 -2.162590441e-02 3.118893796e-02 1.716859363e-02 -2.288856010e-02 -5.858111091e-03 2.312675490e-02 2.059608132e-03 -2.738898150e-02 -9.893704191e-04 2.515479749e-02 -5.021040909e-03 -2.020901078e-02 1.237535384e-02 1.599817203e-02 
4.913111111e-01 5.760845206e-02 -9.470414275e-03 -2.256872895e-02 4.492678842e-03 1.246939071e-02 -2.556838675e-02 -2.010910394e-02 2.651247609e-02 1.377781266e-02 -1.762897160e-02 -3.295780229e-03 1.986547224e-02 2.033928790e-03 -2.351497368e-02 -8.806893107e-04 1.970616569e-02 -5.767368605e-03 -1.571800837e-02 1.163845907e-02 1.294946119e-02 
5.113111111e-01 5.606408666e-02 -6.748888947e-03 -2.026655266e-02 2.392782760e-03 1.329528059e-02 -2.354786814e-02 -2.176085416e-02 2.167518548e-02 1.386888702e-02 -1.312346372e-02 -4.871959691e-03 1.731922780e-02 5.640106689e-03 -2.013584800e-02 -3.754186643e-03 1.578205584e-02 -3.222795904e-03 -1.380898521e-02 8.059321639e-03 1.270249367e-02 
5.313111111e-01 5.579318169e-02 -4.108677869e-03 -1.969327280e-02 4.943472596e-04 1.576969084e-02 -2.143817133e-02 -2.460515378e-02 1.703463070e-02 1.548383085e-02 -9.306820712e-03 -8.364140615e-03 1.504108020e-02 1.061773295e-02 -1.678735367e-02 -7.841610788e-03 1.263163672e-02 1.180325283e-03 -1.300626647e-02 2.799121164e-03 1.352310174e-02 
5.513111111e-01 5.581714524e-02 -1.536215797e-03 -1.951574710e-02 -1.309207770e-03 1.845104932e-02 -1.906551984e-02 -2.715405917e-02 1.219209923e-02 1.697898418e-02 -5.487312513e-03 -1.191579762e-02 1.215486326e-02 1.511586051e-02 -1.247501184e-02 -1.150887181e-02 8.841182120e-03 5.911679003e-03 -1.126521018e-02 -3.086018921e-03 1.303375924e-02 
5.713111111e-01 5.580912221e-02 1.020325011e-03 -1.928925219e-02 -3.085262940e-03 2.087057628e-02 -1.636020748e-02 -2.889356753e-02 7.031227956e-03 1.773874472e-02 -1.485564622e-03 -1.472179489e-02 8.464643234e-03 1.821860751e-02 -7.066743456e-03 -1.383041489e-02 4.122349060e-03 9.830240478e-03 -7.940452234e-03 -8.410383756e-03 1.027787691e-02 
5.913111111e-01 5.570012806e-02 3.570624702e-03 -1.892207998e-02 -4.833740946e-03 2.290880112e-02 -1.335192018e-02 -2.968496828e-02 1.655475503e-03 1.760481103e-02 2.574395478e-03 -1.645498715e-02 4.159828306e-03 1.950348033e-02 -9.750613774e-04 -1.437091071e-02 -1.095473904e-03 1.216209846e-02 -3.348799880e-03 -1.205118342e-02 5.507304959e-03 
6.113111111e-01 5.547788298e-02 6.112177232e-03 -1.840073925e-02 -6.541241161e-03 2.451807589e-02 -1.009457226e-02 -2.948977103e-02 -3.770215126e-03 1.656164138e-02 6.496292631e-03 -1.696423875e-02 -4.519388032e-04 1.881708928e-02 5.208361245e-03 -1.302471069e-02 -6.160167994e-03 1.248102463e-02 1.791311733e-03 -1.323637316e-02 -3.739863737e-04 
6.313111111e-01 5.514050267e-02 8.640404500e-03 -1.772662560e-02 -8.193674885e-03 2.566737341e-02 -6.648640386e-03 -2.831265894e-02 -9.068528095e-03 1.465906084e-02 1.007917250e-02 -1.620746767e-02 -5.028674642e-03 1.622375147e-02 1.086149149e-02 -9.960595998e-03 -1.040907575e-02 1.072279207e-02 6.631018669e-03 -1.171125845e-02 -6.175031650e-03 
6.513111111e-01 5.468817873e-02 1.115034524e-02 -1.690475774e-02 -9.777457267e-03 2.633508576e-02 -3.078359038e-03 -2.619246037e-02 -1.406406326e-02 1.199495377e-02 1.313766279e-02 -1.424031859e-02 -9.229254142e-03 1.198514474e-02 1.541214496e-02 -5.581034278e-03 -1.328194060e-02 7.177485040e-03 1.036460351e-02 -7.784665033e-03 -1.070844065e-02 
6.713111111e-01 5.412172558e-02 1.363690944e-02 -1.594184625e-02 -1.127951671e-02 2.650867299e-02 5.495192206e-04 -2.319968409e-02 -1.859080269e-02 8.707515168e-03 1.551312188e-02 -1.120949769e-02 -1.274019991e-02 6.530850337e-03 1.839907425e-02 -4.641419177e-04 -1.439938449e-02 2.435495833e-03 1.236966280e-02 -2.261074245e-03 -1.304441562e-02 
6.913111111e-01 5.344229118e-02 1.609496900e-02 -1.484588808e-02 -1.268738816e-02 2.618486874e-02 4.167028475e-03 -1.943399146e-02 -2.249808139e-02 4.967530123e-03 1.708220736e-02 -7.341337103e-03 -1.529936093e-02 4.140679707e-04 1.951939484e-02 4.714026809e-03 -1.361380947e-02 -2.712586567e-03 1.231186343e-02 3.726397080e-03 -1.270365170e-02 
7.113111111e-01 5.265128515e-02 1.851941544e-02 -1.362602006e-02 -1.398934895e-02 2.536974414e-02 7.706330920e-03 -1.502082639e-02 -2.565577193e-02 9.693629415e-04 1.776340730e-02 -2.924772463e-03 -1.671560526e-02 -5.744705022e-03 1.865949371e-02 9.269185040e-03 -1.102905823e-02 -7.408285469e-03 1.020085343e-02 8.949181564e-03 -9.756067749e-03 
7.313111111e-01 5.175035684e-02 2.090519483e-02 -1.229242130e-02 -1.517454166e-02 2.407859218e-02 1.110102950e-02 -1.010721621e-02 -2.795868541e-02 -3.079184789e-03 1.752132878e-02 1.710276272e-03 -1.688314932e-02 -1.132068380e-02 1.590661772e-02 1.259934577e-02 -6.986731266e-03 -1.086852609e-02 6.388680629e-03 1.233556353e-02 -4.806511356e-03 
7.513111111e-01 5.074138674e-02 2.324732854e-02 -1.085622224e-02 -1.623307679e-02 2.233563896e-02 1.428743124e-02 -4.856865475e-03 -2.933010023e-02 -6.967687382e-03 1.636855772e-02 6.217562277e-03 -1.578948065e-02 -1.574819869e-02 1.154004382e-02 1.426440563e-02 -2.021054230e-03 -1.251625772e-02 1.511088697e-03 1.319064918e-02 1.129355281e-03 
7.713111111e-01 4.962648126e-02 2.554092740e-02 -9.329410184e-03 -1.715611992e-02 2.017358841e-02 1.720574875e-02 5.553008306e-04 -2.972432614e-02 -1.049403604e-02 1.436501159e-02 1.026038118e-02 -1.351629972e-02 -1.857808721e-02 6.002753475e-03 1.404431484e-02 3.211720506e-03 -1.207669389e-02 -3.618502422e-03 1.133897234e-02 6.833474407e-03 
7.913111111e-01 4.840796803e-02 2.778120312e-02 -7.724728850e-03 -1.793596693e-02 1.763300836e-02 1.980122408e-02 5.948966157e-03 -2.912822901e-02 -1.347494487e-02 1.161482722e-02 1.353672489e-02 -1.023341875e-02 -1.952326253e-02 -1.435052435e-04 1.196816022e-02 8.020041712e-03 -9.623139272e-03 -8.144647653e-03 7.160502825e-03 1.113534305e-02 
8.113111111e-01 4.708839100e-02 2.996347858e-02 -6.055571939e-03 -1.856610875e-02 1.476156928e-02 2.202515678e-02 1.114443024e-02 -2.756166901e-02 -1.575547771e-02 8.260948665e-03 1.580184272e-02 -6.186076821e-03 -1.848783839e-02 -6.275205596e-03 8.310321516e-03 1.176845293e-02 -5.564765149e-03 -1.131253657e-02 1.512675653e-03 1.315220430e-02 
8.313111111e-01 4.567050512e-02 3.208319774e-02 -4.335871310e-03 -1.904128581e-02 1.161314975e-02 2.383581784e-02 1.596859622e-02 -2.507683909e-02 -1.721710121e-02 4.477697672e-03 1.688652495e-02 -1.676620106e-03 -1.557685669e-02 -1.177029775e-02 3.554210152e-03 1.396157292e-02 -5.783733146e-04 -1.259387070e-02 -4.445557310e-03 1.247019189e-02 
8.513111111e-01 4.415727058e-02 3.413593517e-02 -2.579980697e-03 -1.935753200e-02 8.246825496e-03 2.519923269e-02 2.026073776e-02 -2.175652613e-02 -1.778384581e-02 4.617131231e-04 1.670974321e-02 2.958084156e-03 -1.108563123e-02 -1.607131463e-02 -1.671617316e-03 1.430956406e-02 4.504471948e-03 -1.177496613e-02 -9.491547942e-03 9.229256911e-03 
8.713111111e-01 4.255184664e-02 3.611740526e-02 -8.025558974e-04 -1.951220770e-02 4.725760957e-03 2.608981875e-02 2.387785393e-02 -1.771135273e-02 -1.742625427e-02 -3.578269504e-03 1.528470351e-02 7.371812426e-03 -5.469788664e-03 -1.874192588e-02 -6.676527748e-03 1.276643668e-02 8.836121131e-03 -8.992388904e-03 -1.258984311e-02 4.094449415e-03 
8.913111111e-01 4.085758503e-02 3.802347118e-02 9.815675529e-04 -1.950402191e-02 1.116024041e-03 2.649086539e-02 2.669943355e-02 -1.307609161e-02 -1.616291286e-02 -7.432267400e-03 1.271785976e-02 1.123484860e-02 7.009540115e-04 -1.951120286e-02 -1.079908388e-02 9.536126861e-03 1.169419924e-02 -4.710180344e-03 -1.310466290e-02 -1.880551969e-03 
9.113111111e-01 3.907802294e-02 3.985015355e-02 2.757498206e-03 -1.933304294e-02 -2.514653525e-03 2.639484754e-02 2.863147028e-02 -8.005175403e-03 -1.405948519e-02 -1.089996453e-02 9.200961331e-03 1.425861461e-02 6.800586178e-03 -1.830110383e-02 -1.349445833e-02 5.045544814e-03 1.260207393e-02 3.575296119e-04 -1.093036469e-02 -7.469658179e-03 
9.313111111e-01 3.721687566e-02 4.159363871e-02 4.510412996e-03 -1.900069788e-02 -6.098147090e-03 2.580356683e-02 2.960959461e-02 -2.667551404e-03 -1.122529939e-02 -1.380112330e-02 4.996728997e-03 1.621722785e-02 1.221031125e-02 -1.523439112e-02 -1.440643672e-02 -1.118446410e-04 1.140834190e-02 5.365615522e-03 -6.513121286e-03 -1.152596706e-02 
9.513111111e-01 3.527802880e-02 4.325028670e-02 6.225680962e-03 -1.850976072e-02 -9.567217348e-03 2.472811783e-02 2.960121846e-02 2.758947191e-03 -7.807665566e-03 -1.598495258e-02 4.192290055e-04 1.696437523e-02 1.638132248e-02 -1.062217716e-02 -1.341449411e-02 -5.254452969e-03 8.312077938e-03 9.478895251e-03 -7.593649307e-04 -1.321711127e-02 
9.713111111e-01 3.326553018e-02 4.481663884e-02 7.888985370e-03 -1.786432913e-02 -1.285677199e-02 2.318867985e-02 2.860662088e-02 8.093526164e-03 -3.984219217e-03 -1.733794532e-02 -4.189588399e-03 1.644424303e-02 1.889047835e-02 -4.932362657e-03 -1.064972331e-02 -9.702645077e-03 3.829635879e-03 1.201141057e-02 5.150215495e-03 -1.219606272e-02 
9.913111111e-01 3.118358141e-02 4.628942499e-02 9.486443205e-03 -1.706979030e-02 -1.590508706e-02 2.121413832e-02 2.665893880e-02 1.315845377e-02 4.631157119e-05 -1.778977813e-02 -8.485433489e-03 1.469568639e-02 1.948322958e-02 1.257831057e-03 -6.477509985e-03 -1.286855829e-02 -1.291462051e-03 1.254082217e-02 1.000295552e-02 -8.672343767e-03 
1.011311111e+00 2.903652908e-02 4.766557032e-02 1.100472105e-02 -1.613277596e-02 -1.865496514e-02 1.884154279e-02 2.382306300e-02 1.778498223e-02 4.074435262e-03 -1.731696648e-02 -1.214739632e-02 1.184932667e-02 1.809944262e-02 7.320420101e-03 -1.449244078e-03 -1.433379293e-02 -6.197187072e-03 1.097884180e-02 1.280305763e-02 -3.369032621e-03 
1.031311111e+00 2.682885569e-02 4.894220180e-02 1.243114638e-02 -1.506110704e-02 -2.105480856e-02 1.611541173e-02 2.019347612e-02 2.181896987e-02 7.890785429e-03 -1.594408530e-02 -1.490191946e-02 8.117793799e-03 1.487950016e-02 1.264036585e-02 3.770550537e-03 -1.390470700e-02 -1.006942744e-02 7.585955831e-03 1.297593208e-02 2.625614606e-03 
1.051311111e+00 2.456517033e-02 5.011665414e-02 1.375381332e-02 -1.386372838e-02 -2.305958759e-02 1.308689723e-02 1.589110481e-02 2.512601663e-02 1.129700282e-02 -1.374249169e-02 -1.654323344e-02 3.779842231e-03 1.015005948e-02 1.667796949e-02 8.492038008e-03 -1.163800750e-02 -1.226242227e-02 2.927984780e-03 1.048610449e-02 8.081477464e-03 
1.071311111e+00 2.225019899e-02 5.118647536e-02 1.496168205e-02 -1.255063408e-02 -2.463168530e-02 9.812825181e-03 1.105929084e-02 2.759594191e-02 1.411604532e-02 -1.082661606e-02 -1.694872814e-02 -8.404726307e-04 4.390913745e-03 1.902362348e-02 1.209123759e-02 -7.833256138e-03 -1.241045298e-02 -2.218276733e-03 5.844495309e-03 1.187899575e-02 
