# nmin = 1 nmax = 11 
#   t        rebeta             imbeta
#
#
-4.886888889e-01 0.000000000e+00 0.000000000e+00 0.000000000e+00 0.000000000e+00 0.000000000e+00 0.000000000e+00 0.000000000e+00 0.000000000e+00 0.000000000e+00 0.000000000e+00 0.000000000e+00 0.000000000e+00 1.110223025e-16 8.673617380e-19 0.000000000e+00 0.000000000e+00 0.000000000e+00 0.000000000e+00 0.000000000e+00 0.000000000e+00 
-4.686888889e-01 0.000000000e+00 0.000000000e+00 0.000000000e+00 0.000000000e+00 0.000000000e+00 0.000000000e+00 0.000000000e+00 0.000000000e+00 0.000000000e+00 0.000000000e+00 0.000000000e+00 0.000000000e+00 0.000000000e+00 5.551115123e-17 0.000000000e+00 0.000000000e+00 0.000000000e+00 0.000000000e+00 0.000000000e+00 0.000000000e+00 
-4.486888889e-01 0.000000000e+00 0.000000000e+00 0.000000000e+00 0.000000000e+00 0.000000000e+00 0.000000000e+00 0.000000000e+00 0.000000000e+00 0.000000000e+00 0.000000000e+00 0.000000000e+00 0.000000000e+00 -2.220446049e-16 -5.551115123e-17 0.000000000e+00 0.000000000e+00 0.000000000e+00 0.000000000e+00 0.000000000e+00 0.000000000e+00 
-4.286888889e-01 2.899200097e-19 -5.638445858e-19 -3.836150112e-19 6.965125043e-19 4.434060336e-19 -7.534337061e-19 -4.864111872e-19 7.750953355e-19 5.193084352e-19 -7.773976034e-19 -5.454367518e-19 7.681793257e-19 -8.326672685e-17 -2.775557562e-16 -5.842548677e-19 7.307817384e-19 5.988841790e-19 -7.068042046e-19 -6.111084104e-19 6.809008962e-19 
-4.086888889e-01 3.340720695e-19 -1.914339131e-18 -5.223512010e-19 2.359820313e-18 6.835499980e-19 -2.542161103e-18 -8.246978090e-19 2.599240870e-18 9.483006211e-19 -2.585838461e-18 -1.055817638e-18 2.529470372e-18 1.387778781e-17 2.775557562e-16 -1.226756579e-18 2.344437540e-18 1.291899067e-18 -2.231776285e-18 -1.344515973e-18 2.112177818e-18 
-3.886888889e-01 -1.586064512e-18 -6.292750405e-18 1.605633882e-18 7.858112789e-18 -1.358648749e-18 -8.568330473e-18 1.016006884e-18 8.861913220e-18 -6.463404944e-19 -8.914799330e-18 2.829401438e-19 8.817155547e-18 -1.110223025e-16 -3.330669074e-16 -3.637759674e-19 8.362311947e-18 6.335433249e-19 -8.061900417e-18 -8.645862717e-19 7.737033697e-18 
-3.686888889e-01 -1.532414879e-17 -1.817627280e-17 1.796386635e-17 2.321929108e-17 -1.838803442e-17 -2.586481850e-17 1.785737458e-17 2.730084821e-17 -1.687506981e-17 -2.800761460e-17 1.568960795e-17 2.823628435e-17 0.000000000e+00 -4.440892099e-16 1.319168824e-17 2.781287419e-17 -1.199963409e-17 -2.733093145e-17 1.088352179e-17 2.674382832e-17 
-3.486888889e-01 -8.169807878e-17 -3.673005541e-17 9.903590991e-17 4.946157053e-17 -1.049972006e-16 -5.768090018e-17 1.057784419e-16 6.339347615e-17 -1.038529920e-16 -6.742382042e-17 1.004559555e-16 7.022658054e-17 1.665334537e-16 -3.122502257e-16 9.171550648e-17 7.324114391e-17 -8.702469547e-17 -7.382086033e-17 8.235290397e-17 7.395834131e-17 
-3.286888889e-01 -3.394718223e-16 6.783029886e-18 4.197554107e-16 8.611524037e-18 -4.538213669e-16 -2.707148346e-17 4.661014441e-16 4.544261784e-17 -4.663657123e-16 -6.254624181e-17 4.595459649e-16 7.793162076e-17 1.665334537e-16 -2.498001805e-16 4.347590234e-16 1.032081923e-16 -4.195825110e-16 -1.132409510e-16 4.036231676e-16 1.217130073e-16 
-3.086888889e-01 -1.154100917e-15 5.725710901e-16 1.454853428e-15 -6.497050075e-16 -1.602028388e-15 6.414261334e-16 1.674288030e-15 -5.980569625e-16 -1.703187202e-15 5.394541017e-16 1.704865985e-15 -4.751737775e-16 -1.165734176e-15 8.326672685e-16 1.660553541e-15 -3.473062124e-16 -1.624356028e-15 2.878778192e-16 1.582796078e-15 -2.326676985e-16 
-2.886888889e-01 -3.036595969e-15 3.830587686e-15 3.944779077e-15 -4.581425567e-15 -4.463854240e-15 4.790699340e-15 4.782406597e-15 -4.758251861e-15 -4.976570410e-15 4.603275165e-15 5.086240549e-15 -4.384731919e-15 -4.940492460e-15 4.996003611e-15 5.140074534e-15 -3.873127553e-15 -5.111216853e-15 3.610365752e-15 5.057055723e-15 -3.353685024e-15 
-2.686888889e-01 -4.235939102e-15 1.805472920e-14 6.141062879e-15 -2.209921860e-14 -7.585369116e-15 2.365584998e-14 8.731672556e-15 -2.405854748e-14 -9.648651489e-15 2.383954247e-14 1.037794521e-14 -2.326582537e-14 -1.106059688e-14 2.298161661e-14 1.138793340e-14 -2.159579414e-14 -1.171253271e-14 2.064728227e-14 1.194055155e-14 -1.967912427e-14 
-2.486888889e-01 1.462291196e-14 6.881796855e-14 -1.461573062e-14 -8.577855225e-14 1.217178935e-14 9.345449951e-14 -8.887104161e-15 -9.668775826e-14 5.385770676e-15 9.741639972e-14 -1.956140355e-15 -9.662438950e-14 -1.498801083e-15 9.492406861e-14 4.206676987e-15 -9.252293874e-14 -6.852274966e-15 8.979189151e-14 9.198434384e-15 -8.683771243e-14 
-2.286888889e-01 1.613540767e-13 2.126064662e-13 -1.887246442e-13 -2.708372465e-13 1.927336685e-13 3.011329679e-13 -1.866809912e-13 -3.175363618e-13 1.758395220e-13 3.256922909e-13 -1.627883614e-13 -3.285128736e-13 1.488809076e-13 3.279598815e-13 -1.350106228e-13 -3.243892725e-13 1.215183444e-13 3.192888987e-13 -1.086929297e-13 -3.129390134e-13 
-2.086888889e-01 8.972818674e-13 4.691670220e-13 -1.085291901e-12 -6.248400183e-13 1.147988430e-12 7.223572814e-13 -1.153707748e-12 -7.884395949e-13 1.129667742e-12 8.339468521e-13 -1.089425108e-12 -8.647096617e-13 1.040278974e-12 8.845979504e-13 -9.874156615e-13 -8.954246924e-13 9.328632952e-13 8.997117888e-13 -8.785810746e-13 -8.986323427e-13 
-1.886888889e-01 3.837850601e-12 1.611216476e-13 -4.734668759e-12 -3.918006538e-13 5.107397484e-12 6.252674439e-13 -5.233770354e-12 -8.428633222e-13 5.224757435e-12 1.037902526e-12 -5.136311214e-12 -1.208501991e-12 4.999611836e-12 1.355027202e-12 -4.835765990e-12 -1.478709129e-12 4.655432866e-12 1.581542567e-12 -4.467358196e-12 -1.665517672e-12 
-1.686888889e-01 1.343411093e-11 -5.646077409e-12 -1.688514786e-11 6.302845000e-12 1.854169187e-11 -6.103500418e-12 -1.932695657e-11 5.560704561e-12 1.961105980e-11 -4.876652512e-12 -1.958302257e-11 4.148185908e-12 1.935201999e-11 -3.425593142e-12 -1.898782312e-11 2.735206738e-12 1.853491130e-11 -2.090933022e-12 -1.802496452e-11 1.498889013e-12 
-1.486888889e-01 3.699419529e-11 -4.108045184e-11 -4.777941595e-11 4.890922130e-11 5.378768516e-11 -5.090070738e-11 -5.735995520e-11 5.030591074e-11 5.944009842e-11 -4.841672670e-11 -6.052052512e-11 4.587089407e-11 6.089562188e-11 -4.301736745e-11 -6.075977049e-11 4.005927582e-11 6.024577086e-11 -3.711616081e-11 -5.945162805e-11 3.426020458e-11 
-1.286888889e-01 6.063094224e-11 -2.007687402e-10 -8.500689452e-11 2.450628702e-10 1.024141812e-10 -2.616038209e-10 -1.156371581e-10 2.653322781e-10 1.258290199e-10 -2.622074223e-10 -1.336499023e-10 2.552137376e-10 1.395473528e-10 -2.460260884e-10 -1.438584414e-10 2.356511422e-10 1.468479892e-10 -2.247183214e-10 -1.487351302e-10 2.136321779e-10 
-1.086888889e-01 -1.161721650e-10 -7.870964645e-10 1.040457107e-10 9.785147029e-10 -7.101124724e-11 -1.063410770e-09 3.164432643e-11 1.097567732e-09 8.387865264e-12 -1.103303866e-09 -4.653058446e-11 1.091930045e-09 8.161593623e-11 -1.069919875e-09 -1.131713234e-10 1.041268709e-09 1.410926850e-10 -1.008569472e-09 -1.654775654e-10 9.735632546e-10 
-8.868888889e-02 -1.670143157e-09 -2.514148523e-09 1.937708826e-09 3.190800632e-09 -1.961443889e-09 -3.535575342e-09 1.881484995e-09 3.716410939e-09 -1.753335326e-09 -3.800763415e-09 1.604034386e-09 3.823332034e-09 -1.448047293e-09 -3.804452475e-09 1.293451044e-09 3.757073596e-09 -1.144789898e-09 -3.689930073e-09 1.004541756e-09 3.609155157e-09 
-6.868888889e-02 -9.793962927e-09 -5.932373012e-09 1.180538256e-08 7.822867637e-09 -1.244375716e-08 -8.968006771e-09 1.246138587e-08 9.717899600e-09 -1.215774874e-08 -1.021444403e-08 1.168171034e-08 1.053307321e-08 -1.111577042e-08 -1.072022597e-08 1.050857254e-08 1.080730614e-08 -9.889821599e-09 -1.081695417e-08 9.277930755e-09 1.076622072e-08 
-4.868888889e-02 -4.320110491e-08 -4.543719300e-09 5.315914329e-08 7.784083439e-09 -5.720011849e-08 -1.068375774e-08 5.847189260e-08 1.322937077e-08 -5.823166407e-08 -1.542426407e-08 5.711227017e-08 1.728691489e-08 -5.547190862e-08 -1.884346976e-08 5.352828451e-08 2.012315572e-08 -5.141992582e-08 -2.115570312e-08 4.923757509e-08 2.196989200e-08 
-2.868888889e-02 -1.556303434e-07 5.418324422e-08 1.950460150e-07 -5.914492637e-08 -2.136005774e-07 5.571859830e-08 2.220777161e-07 -4.903471111e-08 -2.247982625e-07 4.111247420e-08 2.239643266e-07 -3.291064964e-08 -2.208476799e-07 2.491806761e-08 2.162428171e-07 -1.738605063e-08 -2.106732366e-07 1.043632175e-08 2.044967895e-07 -4.116715136e-09 
-8.688888889e-03 -4.466840512e-07 4.373490595e-07 5.739639192e-07 -5.180409064e-07 -6.431859614e-07 5.362469479e-07 6.830784233e-07 -5.269948377e-07 -7.052111222e-07 5.041943899e-07 7.155941939e-07 -4.746933584e-07 -7.178033847e-07 4.422238052e-07 7.141597110e-07 -4.089316489e-07 -7.062630344e-07 3.760802642e-07 6.952625387e-07 -3.444118152e-07 
1.131111111e-02 -8.268263121e-07 2.222345014e-06 1.133371625e-06 -2.704808342e-06 -1.341556999e-06 2.879053912e-06 1.493414739e-06 -2.911693804e-06 -1.606190642e-06 2.869152771e-06 1.689453443e-06 -2.784639366e-06 -1.749447843e-06 2.676737088e-06 1.790672391e-06 -2.556558620e-06 -1.816572007e-06 2.431021166e-06 1.829868013e-06 -2.304516104e-06 
3.131111111e-02 7.493650051e-07 8.958352434e-06 -4.759795345e-07 -1.110805291e-05 4.269544063e-08 1.204153615e-05 4.257946923e-07 -1.239823505e-05 -8.814488628e-07 1.243387362e-05 1.303493074e-06 -1.227782880e-05 -1.683348701e-06 1.200393104e-05 2.018491887e-06 -1.165754555e-05 -2.309517805e-06 1.126789578e-05 2.558430850e-06 -1.085413975e-05 
5.131111111e-02 1.698027912e-05 2.947997513e-05 -1.949896409e-05 -3.728308305e-05 1.951243827e-05 4.117616143e-05 -1.847734930e-05 -4.314876907e-05 1.697010348e-05 4.399957866e-05 -1.527028286e-05 -4.413833967e-05 1.352626843e-05 4.380404557e-05 -1.181991928e-05 -4.314764229e-05 1.019661344e-05 4.226896129e-05 -8.681674581e-06 -4.123150747e-05 
7.131111111e-02 1.047459636e-04 7.336730062e-05 -1.256949542e-04 -9.594988961e-05 1.318728584e-04 1.091916572e-04 -1.314154117e-04 -1.175438431e-04 1.275619870e-04 1.228067790e-04 -1.219203115e-04 -1.259294562e-04 1.153781561e-04 1.274871280e-04 -1.084551422e-04 -1.278573800e-04 1.014625514e-04 1.272901364e-04 -9.457360932e-05 -1.258859431e-04 
9.131111111e-02 4.614926670e-04 8.436006468e-05 -5.654101494e-04 -1.280905686e-04 6.055158236e-04 1.632132081e-04 -6.158202552e-04 -1.920032459e-04 6.099327814e-04 2.154522044e-04 -5.947021017e-04 -2.342288407e-04 5.739824911e-04 2.488531256e-04 -5.500612138e-04 -2.597141136e-04 5.242420764e-04 2.669724806e-04 -4.967011303e-04 -2.698975936e-04 
1.113111111e-01 1.549385448e-03 -3.572188667e-04 -1.928633574e-03 3.534161224e-04 2.094635052e-03 -2.902178426e-04 -2.156570868e-03 2.078189595e-04 2.158506539e-03 -1.222371801e-04 -2.122954792e-03 4.111210277e-05 2.062691426e-03 3.155460692e-05 -1.984968977e-03 -9.329680052e-05 1.892388831e-03 1.415137588e-04 -1.776865623e-03 -1.686188089e-04 
1.313111111e-01 3.724946689e-03 -2.426704677e-03 -4.722544523e-03 2.721716312e-03 5.195884923e-03 -2.645637423e-03 -5.391644418e-03 2.421995335e-03 5.411926942e-03 -2.142637393e-03 -5.310944375e-03 1.853979058e-03 5.120096239e-03 -1.582049806e-03 -4.855300609e-03 1.343105661e-03 4.513174011e-03 -1.150661195e-03 -4.027399194e-03 1.029031013e-03 
1.513111111e-01 6.242484183e-03 -6.960954522e-03 -8.160555004e-03 7.864489569e-03 9.134002046e-03 -7.674003461e-03 -9.527081182e-03 7.037110845e-03 9.505471086e-03 -6.233351852e-03 -9.171187557e-03 5.410396536e-03 8.592985115e-03 -4.652105128e-03 -7.810315936e-03 4.006883454e-03 6.814629683e-03 -3.503124497e-03 -5.432327856e-03 3.156128544e-03 
1.713111111e-01 8.077736073e-03 -1.297913995e-02 -1.112309037e-02 1.443060113e-02 1.274985907e-02 -1.371542670e-02 -1.331622019e-02 1.214489478e-02 1.304827846e-02 -1.032743550e-02 -1.214329777e-02 8.595373386e-03 1.077490644e-02 -7.128103140e-03 -9.076868263e-03 6.005716438e-03 7.104123861e-03 -5.236110988e-03 -4.677566169e-03 4.731102161e-03 
1.913111111e-01 9.257906143e-03 -1.913419725e-02 -1.369549379e-02 2.070138285e-02 1.607921208e-02 -1.883588445e-02 -1.664221938e-02 1.574614957e-02 1.573643252e-02 -1.253589639e-02 -1.379587546e-02 9.797371750e-03 1.125296167e-02 -7.790544575e-03 -8.462992258e-03 6.540317022e-03 5.633731087e-03 -5.899113813e-03 -2.686159812e-03 5.500574585e-03 
2.113111111e-01 1.029735778e-02 -2.491646500e-02 -1.645055920e-02 2.604189982e-02 1.956783355e-02 -2.237853542e-02 -1.973411773e-02 1.732979574e-02 1.763152809e-02 -1.267769680e-02 -1.419738896e-02 9.277839463e-03 1.032993854e-02 -7.319273849e-03 -6.685933759e-03 6.539471420e-03 3.570964799e-03 -6.408326111e-03 -8.626636281e-04 6.131895396e-03 
2.313111111e-01 1.149543894e-02 -3.040952190e-02 -1.963306556e-02 3.055851174e-02 2.326066205e-02 -2.454588738e-02 -2.243311826e-02 1.736549567e-02 1.853958694e-02 -1.162393038e-02 -1.337731996e-02 8.280672033e-03 8.454216500e-03 -7.109411038e-03 -4.607493683e-03 7.224198309e-03 1.933131014e-03 -7.550675389e-03 9.150772616e-05 6.971363074e-03 
2.513111111e-01 1.281390428e-02 -3.579983267e-02 -2.306049755e-02 3.448813964e-02 2.676662228e-02 -2.572255256e-02 -2.424510206e-02 1.655087494e-02 1.813053378e-02 -1.042115677e-02 -1.142162667e-02 7.997211370e-03 6.157382349e-03 -8.133154021e-03 -2.937322604e-03 9.050885560e-03 1.172149285e-03 -9.261249741e-03 3.092779167e-04 7.787772620e-03 
2.713111111e-01 1.406791564e-02 -4.111078743e-02 -2.638731622e-02 3.787848124e-02 2.958470921e-02 -2.612232755e-02 -2.471110444e-02 1.540092464e-02 1.628763792e-02 -9.789992533e-03 -8.687847480e-03 9.002797417e-03 4.053919341e-03 -1.045703162e-02 -2.088644176e-03 1.151577819e-02 1.150628231e-03 -1.081288848e-02 3.748734279e-04 8.144755175e-03 
2.913111111e-01 1.514981220e-02 -4.619855067e-02 -2.938758056e-02 4.058926827e-02 3.141763299e-02 -2.577819730e-02 -2.371268190e-02 1.419408166e-02 1.332194272e-02 -1.002258645e-02 -5.843295121e-03 1.119287431e-02 2.726944838e-03 -1.338532227e-02 -2.110460684e-03 1.361203065e-02 1.370904905e-03 -1.145077395e-02 8.167705697e-04 7.849148711e-03 
3.113111111e-01 1.612156856e-02 -5.089889108e-02 -3.206347532e-02 4.247253975e-02 3.227730477e-02 -2.471977658e-02 -2.153163644e-02 1.311997969e-02 9.915409874e-03 -1.112973893e-02 -3.671156276e-03 1.404767349e-02 2.526374767e-03 -1.596217633e-02 -2.708629510e-03 1.450882848e-02 1.299056439e-03 -1.095322905e-02 1.781480999e-03 7.137563750e-03 
3.313111111e-01 1.714985200e-02 -5.517197438e-02 -3.455841541e-02 4.354472516e-02 3.237381720e-02 -2.313982248e-02 -1.868044784e-02 1.243067928e-02 6.853767122e-03 -1.303366156e-02 -2.758987178e-03 1.697667887e-02 3.398344155e-03 -1.748568800e-02 -3.363640122e-03 1.402829695e-02 6.249154719e-04 -9.784611329e-03 3.017150593e-03 6.529884736e-03 
3.513111111e-01 1.836356874e-02 -5.914045454e-02 -3.697954312e-02 4.402595765e-02 3.191081313e-02 -2.142072788e-02 -1.564752965e-02 1.246563035e-02 4.720405207e-03 -1.566162148e-02 -3.249065331e-03 1.954864614e-02 4.860755998e-03 -1.778078662e-02 -3.521030081e-03 1.269971652e-02 -6.350093981e-04 -8.810526998e-03 4.097607494e-03 6.496307125e-03 
3.713111111e-01 1.974436384e-02 -6.300919767e-02 -3.926601414e-02 4.423613901e-02 3.093657503e-02 -2.001346898e-02 -1.271695776e-02 1.354148641e-02 3.715169825e-03 -1.891305200e-02 -4.782873131e-03 2.154297120e-02 6.162594959e-03 -1.716411815e-02 -2.797040503e-03 1.143515732e-02 -2.195644062e-03 -8.795622458e-03 4.706463811e-03 7.166410016e-03 
3.913111111e-01 2.111981156e-02 -6.693138739e-02 -4.118527713e-02 4.442891740e-02 2.933619270e-02 -1.925715535e-02 -9.947270828e-03 1.579249373e-02 3.669246532e-03 -2.256908082e-02 -6.660501633e-03 2.287631312e-02 6.568070368e-03 -1.619933033e-02 -1.128344575e-03 1.105231026e-02 -3.659818824e-03 -9.985681803e-03 4.811806096e-03 8.247815135e-03 
4.113111111e-01 2.225745775e-02 -7.090787809e-02 -4.245100861e-02 4.466965360e-02 2.695362429e-02 -1.925130393e-02 -7.291098728e-03 1.906975834e-02 4.217552578e-03 -2.624145916e-02 -8.130431868e-03 2.350807411e-02 5.646168321e-03 -1.541268613e-02 1.188543328e-03 1.190142555e-02 -4.687264830e-03 -1.198641436e-02 4.656367815e-03 9.184067878e-03 
4.313111111e-01 2.300267926e-02 -7.477326270e-02 -4.289106455e-02 4.482212348e-02 2.376515830e-02 -1.984696490e-02 -4.769361935e-03 2.296061868e-02 5.024719526e-03 -2.941858418e-02 -8.680280415e-03 2.340449804e-02 3.451684568e-03 -1.510930886e-02 3.578845061e-03 1.375567170e-02 -5.104745592e-03 -1.397415754e-02 4.595559483e-03 9.455090512e-03 
4.513111111e-01 2.339551081e-02 -7.825742861e-02 -4.258864280e-02 4.463282722e-02 2.002593658e-02 -2.074071211e-02 -2.615643789e-03 2.690763369e-02 5.970572441e-03 -3.159542788e-02 -8.235159413e-03 2.257747839e-02 5.534030744e-04 -1.534182870e-02 5.345502076e-03 1.597663953e-02 -4.914464009e-03 -1.511863126e-02 4.876265929e-03 8.874858958e-03 
4.713111111e-01 2.374270369e-02 -8.104653319e-02 -4.197572131e-02 4.383037728e-02 1.637637565e-02 -2.157667225e-02 -1.369142238e-03 3.033296094e-02 7.275407836e-03 -3.241697695e-02 -7.268723250e-03 2.115341106e-02 -2.035669611e-03 -1.599255886e-02 5.803876124e-03 1.785745413e-02 -4.175111252e-03 -1.504480048e-02 5.440859699e-03 7.784782851e-03 
4.913111111e-01 2.463014864e-02 -8.276761622e-02 -4.186385197e-02 4.214313478e-02 1.388153994e-02 -2.194007480e-02 -1.877962586e-03 3.266570622e-02 9.554581348e-03 -3.174494425e-02 -6.840429118e-03 1.936521479e-02 -2.992489859e-03 -1.685103415e-02 4.339493544e-03 1.898093673e-02 -2.762535345e-03 -1.413539841e-02 5.807376408e-03 7.050364060e-03 
5.113111111e-01 2.662351146e-02 -8.311189483e-02 -4.304334485e-02 3.935235092e-02 1.349829944e-02 -2.138175587e-02 -4.773327406e-03 3.340436912e-02 1.339861118e-02 -2.957947498e-02 -8.061309937e-03 1.728310087e-02 -1.303297665e-03 -1.749006254e-02 6.436536643e-04 1.919037958e-02 -2.855030141e-04 -1.309215369e-02 5.158812867e-03 7.413557404e-03 
5.313111111e-01 2.963238630e-02 -8.232612653e-02 -4.537784882e-02 3.562125966e-02 1.492184924e-02 -1.985498856e-02 -9.496632415e-03 3.250399882e-02 1.837423422e-02 -2.598594596e-02 -1.076855918e-02 1.461642143e-02 2.614720816e-03 -1.720843061e-02 -4.681210401e-03 1.806235171e-02 3.267906940e-03 -1.173066510e-02 2.960580482e-03 8.355746940e-03 
5.513111111e-01 3.311728923e-02 -8.098287492e-02 -4.808980332e-02 3.136803433e-02 1.705729793e-02 -1.771559463e-02 -1.483637626e-02 3.031521938e-02 2.331541450e-02 -2.114046727e-02 -1.376027198e-02 1.115949521e-02 7.335595626e-03 -1.553311808e-02 -1.025713505e-02 1.513447703e-02 7.039425976e-03 -9.329248275e-03 -3.900085435e-04 8.637426236e-03 
5.713111111e-01 3.671574213e-02 -7.938710068e-02 -5.065542768e-02 2.682777922e-02 1.919802233e-02 -1.520957185e-02 -1.998460191e-02 2.709931306e-02 2.736058430e-02 -1.527525333e-02 -1.610350909e-02 6.992796141e-03 1.168366947e-02 -1.241975879e-02 -1.481178609e-02 1.043240082e-02 9.976955283e-03 -5.699326215e-03 -3.949040710e-03 7.532835444e-03 
5.913111111e-01 4.028813536e-02 -7.761957188e-02 -5.286867351e-02 2.207739068e-02 2.106648993e-02 -1.243000404e-02 -2.454807805e-02 2.299946651e-02 3.007237997e-02 -8.660681774e-03 -1.735129896e-02 2.355438864e-03 1.495180695e-02 -8.101530772e-03 -1.751209149e-02 4.431570719e-03 1.136529395e-02 -1.222139262e-03 -6.805771783e-03 5.004131489e-03 
6.113111111e-01 4.378863299e-02 -7.569405669e-02 -5.465776430e-02 1.715339476e-02 2.256079653e-02 -9.427840444e-03 -2.831286122e-02 1.814665003e-02 3.124324826e-02 -1.615691135e-03 -1.732995303e-02 -2.437588711e-03 1.672959668e-02 -2.982452701e-03 -1.792595773e-02 -2.127988979e-03 1.089118254e-02 3.428030084e-03 -8.299303319e-03 1.483792452e-03 
6.313111111e-01 4.720021262e-02 -7.361318150e-02 -5.599425722e-02 1.209102883e-02 2.363624278e-02 -6.253752484e-03 -3.113828818e-02 1.269514080e-02 3.079513794e-02 5.505833807e-03 -1.602014483e-02 -7.041267159e-03 1.681618424e-02 2.431794747e-03 -1.597756765e-02 -8.397755901e-03 8.609129633e-03 7.497716076e-03 -8.098726930e-03 -2.331499970e-03 
6.513111111e-01 5.051361576e-02 -7.137971463e-02 -5.686397565e-02 6.929496359e-03 2.426894501e-02 -2.964168727e-03 -3.292691181e-02 6.822809655e-03 2.874735125e-02 1.233869368e-02 -1.351480733e-02 -1.111658657e-02 1.519798192e-02 7.596968781e-03 -1.191909127e-02 -1.355515882e-02 4.893220306e-03 1.031465794e-02 -6.238341644e-03 -5.665968058e-03 
6.713111111e-01 5.372155586e-02 -6.899759265e-02 -5.725910516e-02 1.710686480e-03 2.444633892e-02 3.804381864e-04 -3.361854893e-02 7.238453321e-04 2.520551744e-02 1.852948084e-02 -1.000007224e-02 -1.436077225e-02 1.203815677e-02 1.199075224e-02 -6.285685298e-03 -1.692045312e-02 3.616310721e-04 1.141086474e-02 -3.098227143e-03 -7.837213660e-03 
6.913111111e-01 5.681730840e-02 -6.647152926e-02 -5.717628715e-02 -3.522240415e-03 2.416501018e-02 3.717734970e-03 -3.319009394e-02 -5.399040153e-03 2.035359941e-02 2.375696908e-02 -5.738322425e-03 -1.653198676e-02 7.657096426e-03 1.516791376e-02 1.783869487e-04 -1.804941056e-02 -4.230221700e-03 1.060398619e-02 6.776018523e-04 -8.400129030e-03 
7.113111111e-01 5.979442490e-02 -6.380671833e-02 -5.661622314e-02 -8.725726208e-03 2.343024361e-02 6.985228917e-03 -3.165583226e-02 -1.134199581e-02 1.444377230e-02 2.774960966e-02 -1.047901613e-03 -1.746817756e-02 2.499233046e-03 1.680627589e-02 6.618884049e-03 -1.679296423e-02 -8.116615367e-03 8.028690834e-03 4.314386914e-03 -7.239294831e-03 
7.313111111e-01 6.264669970e-02 -6.100870151e-02 -5.558359751e-02 -1.385637149e-02 2.225583511e-02 1.012164430e-02 -2.906689028e-02 -1.690705945e-02 7.783210074e-03 3.029992066e-02 3.720802753e-03 -1.709944448e-02 -2.912175746e-03 1.673966382e-02 1.218464698e-02 -1.331719320e-02 -1.064943093e-02 4.114474051e-03 7.065850640e-03 -4.592933836e-03 
7.513111111e-01 6.536818196e-02 -5.808331502e-02 -5.408703335e-02 -1.887136047e-02 2.066382484e-02 1.306813890e-02 -2.550952747e-02 -2.190882962e-02 7.181054734e-04 3.127535594e-02 8.211555126e-03 -1.545334048e-02 -8.028150528e-03 1.497484231e-02 1.614011636e-02 -8.081452730e-03 -1.140627713e-02 -4.858998000e-04 8.367381554e-03 -1.004089161e-03 
7.713111111e-01 6.795319120e-02 -5.503666524e-02 -5.213902335e-02 -2.372883651e-02 1.868408599e-02 1.576942759e-02 -2.110226541e-02 -2.618066471e-02 -6.384323698e-03 3.062521790e-02 1.208888482e-02 -1.265283479e-02 -1.232968428e-02 1.169085037e-02 1.796254597e-02 -1.777686622e-03 -1.026093620e-02 -5.005241352e-03 7.951900098e-03 2.790797336e-03 
7.913111111e-01 7.039633096e-02 -5.187511259e-02 -4.975582724e-02 -2.838825630e-02 1.635376599e-02 1.817482473e-02 -1.599194081e-02 -2.958024067e-02 -1.315492022e-02 2.838329846e-02 1.506314581e-02 -8.907132037e-03 -1.538039403e-02 7.220843053e-03 1.741108755e-02 4.761014240e-03 -7.404412562e-03 -8.689874984e-03 5.904663913e-03 6.013003292e-03 
8.113111111e-01 7.269250067e-02 -4.860525761e-02 -4.695733681e-02 -3.281072935e-02 1.371659014e-02 2.023919638e-02 -1.034881400e-02 -3.199429413e-02 -1.924177442e-02 2.466612402e-02 1.691215364e-02 -4.496045168e-03 -1.687079081e-02 2.018294399e-03 1.455862052e-02 1.067051053e-02 -3.313079242e-03 -1.092532649e-02 2.645772171e-03 8.001322031e-03 
8.313111111e-01 7.483690650e-02 -4.523392694e-02 -4.376691007e-02 -3.695934283e-02 1.082204142e-02 2.192380748e-02 -4.360896581e-03 -3.334239627e-02 -2.432851494e-02 1.966689903e-02 1.749778296e-02 2.509070596e-04 -1.664967656e-02 -3.389006533e-03 9.782120233e-03 1.516981708e-02 1.330765482e-03 -1.133879695e-02 -1.156040330e-03 8.347744332e-03 
8.513111111e-01 7.682507148e-02 -4.176815907e-02 -4.021117641e-02 -4.079946974e-02 7.724432052e-03 2.319704862e-02 1.772312476e-03 -3.357963246e-02 -2.815075253e-02 1.364546403e-02 1.677628586e-02 4.979115923e-03 -1.473948292e-02 -8.452498915e-03 3.712837806e-03 1.766431606e-02 5.752682792e-03 -9.861333261e-03 -4.720629722e-03 6.981183260e-03 
8.713111111e-01 7.865284482e-02 -3.821518967e-02 -3.631981427e-02 -4.429905790e-02 4.481884382e-03 2.403502918e-02 7.846473538e-03 -3.269809873e-02 -3.050982193e-02 6.914790131e-03 1.480155993e-02 9.335372867e-03 -1.133399557e-02 -1.265850067e-02 -2.847124586e-03 1.782434033e-02 9.215243976e-03 -6.739327225e-03 -7.316531061e-03 4.182061443e-03 
8.913111111e-01 8.031641058e-02 -3.458243646e-02 -3.212530348e-02 -4.742889748e-02 1.155240343e-03 2.442202561e-02 1.365921427e-02 -3.072716507e-02 -3.128310776e-02 -1.752880514e-04 1.172112191e-02 1.299425504e-02 -6.778695000e-03 -1.558032056e-02 -9.030817649e-03 1.562874145e-02 1.114100901e-02 -2.493425593e-03 -8.411057233e-03 5.247674760e-04 
9.113111111e-01 8.181229565e-02 -3.087748372e-02 -2.766265413e-02 -5.016286481e-02 -2.193080186e-03 2.435077646e-02 1.901687206e-02 -2.773249691e-02 -3.043041758e-02 -7.256255433e-03 7.765087939e-03 1.568243515e-02 -1.535708157e-03 -1.692154530e-02 -1.402101896e-02 1.136768463e-02 1.120882435e-02 2.168296484e-03 -7.779608028e-03 -3.240210427e-03 
9.313111111e-01 8.313737699e-02 -2.710806648e-02 -2.296911438e-02 -5.247814044e-02 -5.500250594e-03 2.382261863e-02 2.374094624e-02 -2.381386738e-02 -2.799607096e-02 -1.396007048e-02 3.228983248e-03 1.719909969e-02 3.863073483e-03 -1.654611006e-02 -1.715823519e-02 5.604301187e-03 9.407380653e-03 6.468418836e-03 -5.551758808e-03 -6.340286967e-03 
9.513111111e-01 8.428888816e-02 -2.328205433e-02 -1.808385956e-02 -5.435539958e-02 -8.704216397e-03 2.284746227e-02 2.767404522e-02 -1.910183313e-02 -2.410659591e-02 -1.993829458e-02 -1.548334247e-03 1.743095017e-02 8.869953349e-03 -1.449210207e-02 -1.802785916e-02 -8.997335987e-04 6.037098800e-03 9.689824099e-03 -2.184671233e-03 -8.139316696e-03 
9.713111111e-01 8.526442509e-02 -1.940743505e-02 -1.304766515e-02 -5.577897341e-02 -1.174485960e-02 2.144360483e-02 3.068513025e-02 -1.375338464e-02 -1.896415242e-02 -2.488020257e-02 -6.209987455e-03 1.636066681e-02 1.297699259e-02 -1.096789670e-02 -1.651496342e-02 -7.284861696e-03 1.660029692e-03 1.129528904e-02 1.630717745e-03 -8.268133061e-03 
9.913111111e-01 8.606195110e-02 -1.549229786e-02 -7.902566485e-03 -5.673697985e-02 -1.456512674e-02 1.963738776e-02 3.267388126e-02 -7.946715739e-03 -1.283602500e-02 -2.852893302e-02 -1.040773969e-02 1.406820235e-02 1.576753956e-02 -6.331018174e-03 -1.281948871e-02 -1.270723950e-02 -2.993877148e-03 1.101707550e-02 5.111478316e-03 -6.700302538e-03 
1.011311111e+00 8.667980116e-02 -1.154481661e-02 -2.691507895e-03 -5.722142278e-02 -1.711209939e-02 1.746270224e-02 3.357403919e-02 -1.875286745e-03 -6.040730205e-03 -3.069483891e-02 -1.382800876e-02 1.072480939e-02 1.695849833e-02 -1.051869378e-03 -7.429820350e-03 -1.645025824e-02 -7.148504871e-03 8.901580259e-03 7.543347474e-03 -3.757548878e-03 
1.031311111e+00 8.711668536e-02 -7.573232656e-03 2.542015761e-03 -5.722825872e-02 -1.933798713e-02 1.496035323e-02 3.335561354e-02 4.258621027e-03 1.068538582e-03 -3.126534475e-02 -1.621529238e-02 6.580247404e-03 1.642904831e-02 4.333989653e-03 -1.058244298e-03 -1.801924931e-02 -1.011099978e-02 5.301597541e-03 8.427298024e-03 -4.373437925e-05 
1.051311111e+00 8.737169157e-02 -3.585837674e-03 7.754322109e-03 -5.675743060e-02 -2.120102425e-02 1.217729386e-02 3.202588159e-02 1.025064466e-02 8.122268830e-03 -3.021079784e-02 -1.739125471e-02 1.944125134e-03 1.423290125e-02 9.280173321e-03 5.453186846e-03 -1.720685851e-02 -1.138731627e-02 8.174847114e-04 7.581940536e-03 3.679054551e-03 
1.071311111e+00 8.744428743e-02 4.090436462e-04 1.290190587e-02 -5.581286827e-02 -2.266625344e-02 9.165744384e-03 2.962914591e-02 1.590114839e-02 1.475383468e-02 -2.758600948e-02 -1.726804854e-02 -2.837227952e-03 1.059285225e-02 1.328490030e-02 1.124393757e-02 -1.412044952e-02 -1.076460720e-02 -3.802957374e-03 5.180745022e-03 6.646889926e-03 
