# nmin = 1 nmax = 11 
#   t        rebeta             imbeta
#
#
-4.886888889e-01 0.000000000e+00 0.000000000e+00 0.000000000e+00 0.000000000e+00 0.000000000e+00 0.000000000e+00 0.000000000e+00 0.000000000e+00 0.000000000e+00 0.000000000e+00 0.000000000e+00 0.000000000e+00 0.000000000e+00 0.000000000e+00 0.000000000e+00 0.000000000e+00 0.000000000e+00 0.000000000e+00 1.110223025e-16 1.734723476e-18 
-4.686888889e-01 0.000000000e+00 0.000000000e+00 0.000000000e+00 0.000000000e+00 0.000000000e+00 0.000000000e+00 0.000000000e+00 0.000000000e+00 0.000000000e+00 0.000000000e+00 0.000000000e+00 0.000000000e+00 0.000000000e+00 0.000000000e+00 0.000000000e+00 0.000000000e+00 0.000000000e+00 0.000000000e+00 -2.220446049e-16 1.665334537e-16 
-4.486888889e-01 0.000000000e+00 0.000000000e+00 0.000000000e+00 0.000000000e+00 0.000000000e+00 0.000000000e+00 0.000000000e+00 0.000000000e+00 0.000000000e+00 0.000000000e+00 0.000000000e+00 0.000000000e+00 0.000000000e+00 0.000000000e+00 0.000000000e+00 0.000000000e+00 0.000000000e+00 0.000000000e+00 -4.163336342e-16 3.885780586e-16 
-4.286888889e-01 3.795539210e-21 5.468508169e-19 1.523526308e-20 -7.065498005e-19 -3.984298820e-20 7.952440222e-19 6.675445877e-20 -8.479780812e-19 -9.446931574e-20 8.790215303e-19 1.221826966e-19 -8.957887721e-19 -1.494297903e-19 9.026351734e-19 1.759313285e-19 -9.023209075e-19 -2.015162623e-19 8.966899250e-19 -3.053113318e-16 -4.996003611e-16 
-4.086888889e-01 7.068328481e-19 1.468388826e-18 -8.191409921e-19 -1.914097874e-18 8.170275380e-19 2.167688639e-18 -7.607499090e-19 -2.319670819e-18 6.760026628e-19 2.407114071e-18 -5.764980165e-19 -2.449657142e-18 4.704115916e-19 2.459213547e-18 -3.629507170e-19 -2.443680066e-18 2.575735477e-19 2.408644514e-18 0.000000000e+00 -8.881784197e-16 
-3.886888889e-01 4.646384070e-18 2.612941567e-18 -5.745824672e-18 -3.554958400e-18 6.177115175e-18 4.174996535e-18 -6.280620256e-18 -4.608432130e-18 6.199787582e-18 4.910879336e-18 -6.011265733e-18 -5.113337749e-18 5.761081171e-18 5.236329220e-18 -5.478792838e-18 -5.295050411e-18 5.184136047e-18 5.301633039e-18 4.440892099e-16 -9.879250196e-16 
-3.686888889e-01 1.930129448e-17 -2.745790792e-18 -2.458336995e-17 2.574137275e-18 2.723518800e-17 -1.888669086e-18 -2.855504668e-17 1.031120470e-18 2.908659305e-17 -1.436965407e-19 -2.912122694e-17 -7.056778593e-19 2.883536775e-17 1.484912626e-18 -2.834349832e-17 -2.181406132e-18 2.772289535e-17 2.793743082e-18 3.885780586e-16 -6.106226635e-16 
-3.486888889e-01 5.231773790e-17 -5.190583377e-17 -6.877033517e-17 6.349369939e-17 7.847427341e-17 -6.762118960e-17 -8.459655625e-17 6.821239347e-17 8.845840467e-17 -6.689626303e-17 -9.077759959e-17 6.451441938e-17 9.199928955e-17 -6.154646832e-17 -9.242135310e-17 5.827933638e-17 9.225220142e-17 -5.488849522e-17 3.330669074e-16 -2.220446049e-16 
-3.286888889e-01 4.407291868e-17 -2.763775922e-16 -6.866560926e-17 3.490049690e-16 8.939829641e-17 -3.836543774e-16 -1.071731456e-16 3.993846147e-16 1.223635221e-16 -4.041059003e-16 -1.352471822e-16 4.019791587e-16 1.460713776e-16 -3.954603270e-16 -1.550622116e-16 3.861002759e-16 1.624244922e-16 -3.749225361e-16 4.163336342e-16 4.440892099e-16 
-3.086888889e-01 -4.817807512e-16 -9.469871394e-16 5.682489066e-16 1.225157818e-15 -5.816165951e-16 -1.378085923e-15 5.617077331e-16 1.466206415e-15 -5.250989538e-16 -1.514584834e-15 4.803013458e-16 1.536595586e-15 -4.321142378e-16 -1.540342484e-15 3.833714630e-16 1.531132645e-15 -3.357753046e-16 -1.512629820e-15 6.661338148e-16 2.109423747e-15 
-2.886888889e-01 -3.591065849e-15 -1.832666151e-15 4.476648502e-15 2.494076080e-15 -4.858298658e-15 -2.933966689e-15 4.993140028e-15 3.248925026e-15 -4.988075377e-15 -3.478874995e-15 4.899180103e-15 3.645899799e-15 -4.759364024e-15 -3.764235635e-15 4.589228934e-15 3.843958363e-15 -4.402186809e-15 -3.892644062e-15 4.718447855e-15 4.491199079e-15 
-2.686888889e-01 -1.510871277e-14 2.382289391e-15 1.930133604e-14 -2.326555728e-15 -2.145304171e-14 1.827210718e-15 2.256854437e-14 -1.161277600e-15 -2.306516275e-14 4.446217176e-16 2.316441515e-14 2.655667062e-16 -2.299916487e-14 -9.397439582e-16 2.265513705e-14 1.563081178e-15 -2.219032169e-14 -2.129102447e-15 2.114974862e-14 3.552713679e-15 
-2.486888889e-01 -4.105917637e-14 4.100133498e-14 5.405089253e-14 -5.017875612e-14 -6.176760354e-14 5.344401306e-14 6.667546419e-14 -5.388782242e-14 -6.979718450e-14 5.279632127e-14 7.168530693e-14 -5.083882151e-14 -7.268180367e-14 4.840201349e-14 7.301663694e-14 -4.572230940e-14 -7.285314263e-14 4.294871536e-14 7.122080703e-14 -3.974598428e-14 
-2.286888889e-01 -3.458963535e-14 2.173945504e-13 5.399824783e-14 -2.745305989e-13 -7.040010723e-14 3.017592626e-13 8.447268311e-14 -3.140656737e-13 -9.648723789e-14 3.176775472e-13 1.066473156e-13 -3.158808945e-13 -1.151401838e-13 3.106247207e-13 1.221442270e-13 -3.031471178e-13 -1.278281232e-13 2.942695367e-13 1.310895836e-13 -2.842170943e-13 
-2.086888889e-01 3.785988333e-13 7.443440900e-13 -4.464370675e-13 -9.629807779e-13 4.568144125e-13 1.083123359e-12 -4.410659196e-13 -1.152274043e-12 4.122456154e-13 1.190151194e-12 -3.770560278e-13 -1.207293478e-12 3.392686177e-13 1.210099829e-12 -3.010971051e-13 -1.202767696e-12 2.638559909e-13 1.188194476e-12 -2.294275880e-13 -1.168898311e-12 
-1.886888889e-01 2.821757561e-12 1.440273617e-12 -3.517492961e-12 -1.960030267e-12 3.817244731e-12 2.305625061e-12 -3.923107363e-12 -2.552976142e-12 3.919114356e-12 2.733492858e-12 -3.849336516e-12 -2.864573580e-12 3.739618156e-12 2.957447283e-12 -3.606113847e-12 -3.020060232e-12 3.459319248e-12 3.058374221e-12 -3.306799279e-12 -3.078178337e-12 
-1.686888889e-01 1.187198493e-11 -1.871726902e-12 -1.516628182e-11 1.827914393e-12 1.685689207e-11 -1.435639671e-12 -1.773335860e-11 9.125421729e-13 1.812363030e-11 -3.496058918e-13 -1.820176293e-11 -2.082947301e-13 1.807211611e-11 7.379934589e-13 -1.780199030e-11 -1.227856352e-12 1.743689243e-11 1.672777874e-12 -1.700839469e-11 -2.072897409e-12 
-1.486888889e-01 3.226311182e-11 -3.221748455e-11 -4.247147269e-11 3.942884564e-11 4.853491459e-11 -4.199472593e-11 -5.239134999e-11 4.234366384e-11 5.484441851e-11 -4.148618374e-11 -5.632825869e-11 3.994813271e-11 5.711150844e-11 -3.803331883e-11 -5.737478095e-11 3.592751832e-11 5.724635869e-11 -3.374787399e-11 -5.681974335e-11 3.156802597e-11 
-1.286888889e-01 2.717951917e-11 -1.708223160e-10 -4.243008683e-11 2.157182419e-10 5.531809155e-11 -2.371139302e-10 -6.637595500e-11 2.467841875e-10 7.581683120e-11 -2.496224631e-10 -8.380058729e-11 2.482107257e-10 9.047426209e-11 -2.440804305e-10 -9.597792813e-11 2.382044926e-10 1.004440895e-10 -2.312284909e-10 -1.039948960e-10 2.235925889e-10 
-1.086888889e-01 -2.974923803e-10 -5.848844735e-10 3.507979398e-10 7.566830928e-10 -3.589522551e-10 -8.510879615e-10 3.465774426e-10 9.054248576e-10 -3.239310181e-10 -9.351877752e-10 2.962797600e-10 9.486576249e-10 -2.665873175e-10 -9.508625350e-10 2.365932548e-10 9.451008603e-10 -2.073304516e-10 -9.336494387e-10 1.794034921e-10 9.181365668e-10 
-8.868888889e-02 -2.217257623e-09 -1.131726407e-09 2.763947048e-09 1.540136672e-09 -2.999483558e-09 -1.811695581e-09 3.082667234e-09 2.006057316e-09 -3.079529308e-09 -2.147902297e-09 3.024699550e-09 2.250901626e-09 -2.938485850e-09 -2.323878807e-09 2.833582052e-09 2.373077967e-09 -2.718235242e-09 -2.403183855e-09 2.597927484e-09 2.417848368e-09 
-6.868888889e-02 -9.328667490e-09 1.470746865e-09 1.191723194e-08 -1.436319051e-09 -1.324566477e-08 1.128079808e-09 1.393436628e-08 -7.170440850e-10 -1.424102952e-08 2.747046398e-10 1.430242276e-08 1.636774833e-10 -1.420054897e-08 -5.798990855e-10 1.398829083e-08 9.648187320e-10 -1.370140604e-08 -1.314424638e-09 1.336485755e-08 1.627699697e-09 
-4.868888889e-02 -2.535141519e-08 2.531550168e-08 3.337284561e-08 -3.098195787e-08 -3.813731657e-08 3.299813693e-08 4.116758333e-08 -3.327231082e-08 -4.309512277e-08 3.259851928e-08 4.426106849e-08 -3.138995710e-08 -4.487650805e-08 2.988534734e-08 4.508336093e-08 -2.823066721e-08 -4.498242472e-08 2.651796406e-08 4.464803394e-08 -2.480602895e-08 
-2.868888889e-02 -2.135731118e-08 1.342259859e-07 3.334086666e-08 -1.695034889e-07 -4.346791005e-08 1.863153166e-07 5.215682847e-08 -1.939136981e-07 -5.957512129e-08 1.961437364e-07 6.584841014e-08 -1.950342531e-07 -7.109223116e-08 1.917886105e-07 7.541663828e-08 -1.871712843e-07 -7.892571703e-08 1.816895258e-07 8.171641727e-08 -1.756894595e-07 
-8.688888889e-03 2.337445573e-07 4.595729017e-07 -2.756256934e-07 -5.945628425e-07 2.820304290e-07 6.687400834e-07 -2.723051281e-07 -7.114334059e-07 2.545094826e-07 7.348172498e-07 -2.327818100e-07 -7.453983443e-07 2.094507945e-07 7.471274881e-07 -1.858833493e-07 -7.425961865e-07 1.628912306e-07 7.335929322e-07 -1.409492109e-07 -7.213945226e-07 
1.131111111e-02 1.741955994e-06 8.892688919e-07 -2.171433502e-06 -1.210173924e-06 2.356450828e-06 1.423539830e-06 -2.421770415e-06 -1.576240737e-06 2.419270776e-06 1.687669439e-06 -2.376159538e-06 -1.768567661e-06 2.308391895e-06 1.825867345e-06 -2.225940341e-06 -1.864471943e-06 2.135282003e-06 1.888054566e-06 -2.040712799e-06 -1.899451069e-06 
3.131111111e-02 7.326595267e-06 -1.153227683e-06 -9.359398553e-06 1.125509502e-06 1.040239019e-05 -8.829944511e-07 -1.094284751e-05 5.599126489e-07 1.118317399e-05 -2.123866634e-07 -1.123079245e-05 -1.318983085e-07 1.115010201e-05 4.586417375e-07 -1.098260809e-05 -7.606422692e-07 1.075630300e-05 1.034681190e-06 -1.049039499e-05 -1.279672387e-06 
5.131111111e-02 1.989908207e-05 -1.983335952e-05 -2.619355379e-05 2.426789547e-05 2.993002962e-05 -2.584136511e-05 -3.230379355e-05 2.604968677e-05 3.381052009e-05 -2.551544904e-05 -3.471791539e-05 2.456268679e-05 3.519144910e-05 -2.337863880e-05 -3.534192505e-05 2.207781496e-05 3.524677378e-05 -2.073242909e-05 -3.495729745e-05 1.938856429e-05 
7.131111111e-02 1.702719549e-05 -1.046119064e-04 -2.649515313e-05 1.320524828e-04 3.445819823e-05 -1.450771813e-04 -4.126029802e-05 1.509046249e-04 4.703831871e-05 -1.525362707e-04 -5.189237025e-05 1.515560068e-04 5.591158345e-05 -1.489021598e-04 -5.917595324e-05 1.451673221e-04 6.174802961e-05 -1.407341905e-04 -6.362408980e-05 1.358151052e-04 
9.131111111e-02 -1.739223839e-04 -3.533553796e-04 2.039912510e-04 4.566751779e-04 -2.074727858e-04 -5.129086391e-04 1.989767361e-04 5.446415241e-04 -1.846138912e-04 -5.612582071e-04 1.675354275e-04 5.677681239e-04 -1.495297919e-04 -5.671838946e-04 1.316766270e-04 5.614048408e-04 -1.146983218e-04 -5.515194288e-04 9.936960999e-05 5.372888510e-04 
1.113111111e-01 -1.208307661e-03 -6.874706116e-04 1.495884437e-03 9.309489708e-04 -1.610471862e-03 -1.088035325e-03 1.640415604e-03 1.195094824e-03 -1.622775905e-03 -1.267137241e-03 1.577112122e-03 1.312338725e-03 -1.514880704e-03 -1.335625138e-03 1.443059095e-03 1.339639218e-03 -1.365561758e-03 -1.323986984e-03 1.281985814e-03 1.277715471e-03 
1.313111111e-01 -4.271954662e-03 1.010901151e-04 5.384610482e-03 1.150983626e-04 -5.884968832e-03 -3.739884657e-04 6.068082312e-03 6.230803118e-04 -6.059552462e-03 -8.390313465e-04 5.927208547e-03 1.009984662e-03 -5.711053462e-03 -1.128781511e-03 5.433356563e-03 1.188179388e-03 -5.097980860e-03 -1.172836652e-03 4.657012093e-03 1.023921878e-03 
1.513111111e-01 -9.168418413e-03 4.793705710e-03 1.174196108e-02 -5.331767096e-03 -1.294425368e-02 5.108930910e-03 1.337107352e-02 -4.603426353e-03 -1.328918568e-02 4.025892738e-03 1.285331579e-02 -3.487317873e-03 -1.215988197e-02 3.050563361e-03 1.126000053e-02 -2.755305092e-03 -1.014211008e-02 2.639076126e-03 8.591341729e-03 -2.782886279e-03 
1.713111111e-01 -1.266493304e-02 1.482684974e-02 1.673803507e-02 -1.703997405e-02 -1.872301472e-02 1.689266190e-02 1.934026918e-02 -1.579294597e-02 -1.897119774e-02 1.438035429e-02 1.788658978e-02 -1.299263486e-02 -1.628619494e-02 1.180483666e-02 1.429350153e-02 -1.089125196e-02 -1.190702922e-02 1.025434755e-02 8.744820316e-03 -9.775586511e-03 
1.913111111e-01 -1.117467145e-02 2.812560218e-02 1.616039844e-02 -3.238700210e-02 -1.881848909e-02 3.199165787e-02 1.952096117e-02 -2.971061951e-02 -1.867225230e-02 2.685952681e-02 1.670810040e-02 -2.412264721e-02 -1.402348397e-02 2.180361752e-02 1.090226065e-02 -1.994624989e-02 -7.430924341e-03 1.837832374e-02 3.236111876e-03 -1.648643922e-02 
2.113111111e-01 -3.529285015e-03 4.067783918e-02 8.729606456e-03 -4.653513961e-02 -1.196946856e-02 4.524668098e-02 1.270178013e-02 -4.116314500e-02 -1.129856746e-02 3.645725086e-02 8.479747913e-03 -3.220331583e-02 -4.969505175e-03 2.874719926e-02 1.289118660e-03 -2.594119441e-02 2.357225665e-03 2.326404586e-02 -6.180414872e-03 -1.946919485e-02 
2.313111111e-01 8.664432811e-03 4.884678575e-02 -3.568823521e-03 -5.522937481e-02 -2.973690887e-04 5.230487732e-02 1.049208793e-03 -4.601552729e-02 8.826356318e-04 3.947120755e-02 -4.282059719e-03 -3.404299352e-02 7.974491923e-03 2.989055807e-02 -1.123392762e-02 -2.644510407e-02 1.385536481e-02 2.273772801e-02 -1.587481232e-02 -1.707741023e-02 
2.513111111e-01 2.210127325e-02 5.090453655e-02 -1.683565491e-02 -5.657392978e-02 1.218021832e-02 5.141877045e-02 -1.144362965e-02 -4.289857587e-02 1.383560025e-02 3.502904998e-02 -1.737250495e-02 -2.921037418e-02 2.041541103e-02 2.506264317e-02 -2.225288455e-02 -2.139810443e-02 2.293432355e-02 1.690628299e-02 -2.238293033e-02 -9.971876982e-03 
2.713111111e-01 3.338028280e-02 4.745124815e-02 -2.718006510e-02 -5.144945770e-02 2.157161641e-02 4.378196083e-02 -2.098455370e-02 -3.340934271e-02 2.376926321e-02 2.510671847e-02 -2.693360278e-02 -1.986149167e-02 2.856171878e-02 1.636261247e-02 -2.835518309e-02 -1.277838001e-02 2.687458683e-02 7.826561857e-03 -2.390676962e-02 -6.114941103e-04 
2.913111111e-01 4.035834920e-02 4.077768077e-02 -3.229346329e-02 -4.268108970e-02 2.571335398e-02 3.256513888e-02 -2.554179406e-02 -2.102547831e-02 2.865431651e-02 1.332559312e-02 -3.095944821e-02 -9.469351340e-03 3.069730720e-02 6.924300275e-03 -2.844306373e-02 -3.476700185e-03 2.532801576e-02 -1.572849680e-03 -2.079523807e-02 7.966260012e-03 
3.113111111e-01 4.271730876e-02 3.364850678e-02 -3.205645775e-02 -3.355519866e-02 2.472968105e-02 2.131366409e-02 -2.533761598e-02 -9.436609287e-03 2.867595340e-02 3.263100276e-03 -2.972181510e-02 -1.201394898e-03 2.750751026e-02 -5.423405869e-04 -2.380885299e-02 3.996952069e-03 2.004580190e-02 -8.752070701e-03 -1.499180849e-02 1.344915260e-02 
3.313111111e-01 4.166028454e-02 2.815266928e-02 -2.810948886e-02 -2.646325792e-02 2.051080330e-02 1.253271694e-02 -2.227057566e-02 -1.131045000e-03 2.564145499e-02 -2.895942010e-03 -2.515326763e-02 3.272879078e-03 2.133767189e-02 -4.739140924e-03 -1.716606069e-02 8.377755804e-03 1.373313117e-02 -1.243265333e-02 -8.910400006e-03 1.504149992e-02 
3.513111111e-01 3.906027158e-02 2.509885666e-02 -2.279784205e-02 -2.222898114e-02 1.556784988e-02 7.027668824e-03 -1.874953874e-02 3.212477922e-03 2.183439462e-02 -4.859106086e-03 -1.968815379e-02 4.109023617e-03 1.492826996e-02 -5.955867917e-03 -1.127000537e-02 9.801303158e-03 8.726111952e-03 -1.279200718e-02 -4.364925199e-03 1.348389434e-02 
3.713111111e-01 3.655097467e-02 2.408393357e-02 -1.808521767e-02 -2.024579055e-02 1.189705409e-02 4.104116649e-03 -1.657854685e-02 4.457114321e-03 1.894477913e-02 -3.854162288e-03 -1.518773090e-02 2.791438433e-03 1.028003772e-02 -5.533193391e-03 -7.811431273e-03 9.349219494e-03 6.118118091e-03 -1.104512594e-02 -2.009118193e-03 1.043924902e-02 
3.913111111e-01 3.495705275e-02 2.403968925e-02 -1.490257523e-02 -1.916907219e-02 1.033347761e-02 2.333378521e-03 -1.636105171e-02 4.189301538e-03 1.752269663e-02 -1.742923369e-03 -1.238748731e-02 1.204570197e-03 8.092871771e-03 -5.004916711e-03 -6.995677816e-03 8.328006401e-03 5.620715652e-03 -8.723664657e-03 -1.406648418e-03 7.631942709e-03 
4.113111111e-01 3.421722526e-02 2.390762288e-02 -1.309810044e-02 -1.773364865e-02 1.054821353e-02 4.200638175e-04 -1.755569568e-02 3.828445945e-03 1.706688337e-02 -1.096007106e-04 -1.096991635e-02 7.554926745e-04 7.870839861e-03 -5.360410677e-03 -7.831993866e-03 7.653674005e-03 6.055734270e-03 -7.013180025e-03 -1.546497510e-03 6.148851544e-03 
4.313111111e-01 3.370710612e-02 2.312904604e-02 -1.185917702e-02 -1.532597319e-02 1.153306516e-02 -2.214178439e-03 -1.900728615e-02 4.049470636e-03 1.656086899e-02 3.029850072e-04 -1.007398262e-02 1.890830069e-03 8.486237644e-03 -6.709564571e-03 -8.856034401e-03 7.571703882e-03 6.128818601e-03 -6.393320000e-03 -1.475752098e-03 6.151327814e-03 
4.513111111e-01 3.273283327e-02 2.180382179e-02 -1.032218680e-02 -1.214981931e-02 1.226128253e-02 -5.287127800e-03 -1.963254459e-02 4.662613668e-03 1.513967071e-02 -3.131947487e-04 -8.929694951e-03 4.093057880e-03 8.874560396e-03 -8.386736768e-03 -8.913496893e-03 7.733332527e-03 5.114205907e-03 -6.636281757e-03 -7.699533721e-04 7.022666480e-03 
4.713111111e-01 3.098578155e-02 2.054829742e-02 -8.118725679e-03 -9.040203547e-03 1.225717465e-02 -7.884159119e-03 -1.900258407e-02 4.869997121e-03 1.264375158e-02 -1.104179905e-03 -7.380066108e-03 6.226205401e-03 8.614854912e-03 -9.348090734e-03 -7.752372425e-03 7.502765128e-03 3.251257888e-03 -7.075923764e-03 2.631807676e-04 7.823261951e-03 
4.913111111e-01 2.882419763e-02 2.010399574e-02 -5.696037210e-03 -6.991054750e-03 1.190963611e-02 -8.992781132e-03 -1.767035664e-02 3.819972614e-03 9.904518410e-03 -1.094640523e-03 -6.130628487e-03 7.130844995e-03 8.239840715e-03 -8.758841788e-03 -6.273081650e-03 6.403455730e-03 1.758516569e-03 -7.070422567e-03 6.667228348e-04 7.920620162e-03 
5.113111111e-01 2.699328437e-02 2.067156980e-02 -3.922345357e-03 -6.316628367e-03 1.204097479e-02 -8.402882271e-03 -1.667167387e-02 1.448844743e-03 8.106065818e-03 -1.353534096e-05 -6.100440136e-03 6.476895364e-03 8.635139663e-03 -6.666719146e-03 -5.746587348e-03 4.557457496e-03 1.892321393e-03 -6.462650627e-03 -4.211868932e-04 7.385277124e-03 
5.313111111e-01 2.568185913e-02 2.173968046e-02 -2.919509044e-03 -6.373662781e-03 1.272072172e-02 -6.895104734e-03 -1.612379949e-02 -1.471251201e-03 7.239907398e-03 1.555474860e-03 -7.005552722e-03 4.862557236e-03 9.556829508e-03 -3.780981432e-03 -6.081101116e-03 2.382914553e-03 3.356870896e-03 -5.312521458e-03 -2.635261522e-03 6.314524864e-03 
5.513111111e-01 2.457966021e-02 2.288204317e-02 -2.232323896e-03 -6.577048220e-03 1.346979487e-02 -5.100111557e-03 -1.545898280e-02 -4.391589280e-03 6.543817072e-03 3.124796132e-03 -7.919008356e-03 2.812385568e-03 1.007681270e-02 -5.891090799e-04 -6.298674960e-03 7.959199513e-05 4.953848235e-03 -3.552137311e-03 -4.862713078e-03 4.460435366e-03 
5.713111111e-01 2.349324097e-02 2.398498384e-02 -1.607242103e-03 -6.752013784e-03 1.403075099e-02 -3.202828797e-03 -1.437880189e-02 -7.141916838e-03 5.637486890e-03 4.526871590e-03 -8.360294984e-03 5.602135719e-04 9.713953509e-03 2.615199265e-03 -5.864011684e-03 -2.172586381e-03 5.910256655e-03 -1.281544044e-03 -6.263568198e-03 1.852169474e-03 
5.913111111e-01 2.237053411e-02 2.503498209e-02 -9.823814932e-04 -6.871377545e-03 1.433640748e-02 -1.251465065e-03 -1.283686682e-02 -9.641298174e-03 4.461123965e-03 5.687585377e-03 -8.196193360e-03 -1.726573281e-03 8.392105905e-03 5.539078595e-03 -4.691652971e-03 -4.123764859e-03 5.920906959e-03 1.185674516e-03 -6.423951824e-03 -1.099514750e-03 
6.113111111e-01 2.120315646e-02 2.603126506e-02 -3.509899592e-04 -6.932677581e-03 1.437308968e-02 7.206358944e-04 -1.086970986e-02 -1.181526245e-02 3.056224840e-03 6.550612407e-03 -7.422052007e-03 -3.881888156e-03 6.223391520e-03 7.897298481e-03 -2.906158173e-03 -5.527748572e-03 4.951870715e-03 3.452787445e-03 -5.277137026e-03 -3.819518384e-03 
6.313111111e-01 1.999181353e-02 2.697277615e-02 2.832176528e-04 -6.935851283e-03 1.413978517e-02 2.678377122e-03 -8.540764679e-03 -1.359446851e-02 1.492925750e-03 7.072653646e-03 -6.093650692e-03 -5.746558414e-03 3.424146133e-03 9.453595880e-03 -7.378516969e-04 -6.201078780e-03 3.158480785e-03 5.144093036e-03 -3.050060025e-03 -5.755344119e-03 
6.513111111e-01 1.873879183e-02 2.785787298e-02 9.150573170e-04 -6.881071173e-03 1.364108436e-02 4.585641935e-03 -5.927365583e-03 -1.492048695e-02 -1.478736130e-04 7.226983970e-03 -4.310082109e-03 -7.181798450e-03 2.777364133e-04 1.005072631e-02 1.527706441e-03 -6.054976560e-03 8.386533418e-04 5.977688029e-03 -1.977070367e-04 -6.510363861e-03 
6.713111111e-01 1.744666893e-02 2.868478700e-02 1.539250223e-03 -6.768844294e-03 1.288642234e-02 6.406808593e-03 -3.116530829e-03 -1.574934313e-02 -1.780946428e-03 7.005667276e-03 -2.204572858e-03 -8.080511537e-03 -2.896776289e-03 9.628221551e-03 3.591297939e-03 -5.108712175e-03 -1.620965194e-03 5.814474938e-03 2.695082503e-03 -5.929559658e-03 
6.913111111e-01 1.611813060e-02 2.945180910e-02 2.150588162e-03 -6.600117332e-03 1.188997084e-02 8.107746480e-03 -2.018836568e-04 -1.605346742e-02 -3.321433949e-03 6.420221145e-03 6.560506716e-05 -8.375586066e-03 -5.777389428e-03 8.228955231e-03 5.180250825e-03 -3.487310297e-03 -3.810242264e-03 4.681624707e-03 5.034805614e-03 -4.132034984e-03 
7.113111111e-01 1.475594511e-02 3.015734172e-02 2.743972279e-03 -6.376300600e-03 1.067042461e-02 9.656550018e-03 2.719481564e-03 -1.582273699e-02 -4.689278765e-03 5.501076594e-03 2.330874526e-03 -8.044983631e-03 -8.071887770e-03 5.994878812e-03 6.084587356e-03 -1.405039125e-03 -5.364092577e-03 2.768041955e-03 6.341366196e-03 -1.486616170e-03 
7.313111111e-01 1.336295409e-02 3.079991285e-02 3.314452050e-03 -6.099262784e-03 9.250664291e-03 1.102416070e-02 5.550239286e-03 -1.506484112e-02 -5.813390367e-03 4.296007291e-03 4.422019435e-03 -7.113401646e-03 -9.547505012e-03 3.152633802e-03 6.184797204e-03 8.629172187e-04 -6.023389380e-03 3.928435805e-04 6.346658046e-03 1.463857996e-03 
7.513111111e-01 1.194206492e-02 3.137818127e-02 3.857266815e-03 -5.771316441e-03 7.657328609e-03 1.218491795e-02 8.196079297e-03 -1.380503103e-02 -6.635343483e-03 2.867648058e-03 6.182828093e-03 -5.650431547e-03 -1.005454451e-02 -9.439845357e-06 5.467638262e-03 3.016832048e-03 -5.678184924e-03 -2.047867651e-03 5.049595806e-03 4.113943322e-03 
7.713111111e-01 1.049624379e-02 3.189093979e-02 4.367886211e-03 -5.395198914e-03 5.920313898e-03 1.311704197e-02 1.056885096e-02 -1.208527980e-02 -7.112416689e-03 1.290239500e-03 7.481764441e-03 -3.765360678e-03 -9.541568594e-03 -3.170555736e-03 4.027888942e-03 4.772049310e-03 -4.386048070e-03 -4.147062602e-03 2.716340711e-03 5.919834469e-03 
7.913111111e-01 9.028509142e-03 3.233711795e-02 4.842048372e-03 -4.974049554e-03 4.072212717e-03 1.380304279e-02 1.258950101e-02 -9.962884275e-03 -7.219813697e-03 -3.542307487e-04 8.221794972e-03 -1.599008341e-03 -8.060617882e-03 -6.010024487e-03 2.055823228e-03 5.896603667e-03 -2.362464303e-03 -5.554665449e-03 -1.743160033e-04 6.510956978e-03 
8.113111111e-01 7.541925217e-03 3.271578425e-02 5.275795659e-03 -4.511383557e-03 2.147702100e-03 1.423004857e-02 1.419070765e-02 -7.508556134e-03 -6.951952460e-03 -1.980289437e-03 8.347637664e-03 6.867937542e-04 -5.761932155e-03 -8.239787183e-03 -1.879352763e-04 6.241876664e-03 5.509991762e-05 -6.035934875e-03 -3.029202516e-03 5.766010658e-03 
8.313111111e-01 6.039595630e-03 3.302614812e-02 5.665507742e-03 -4.011062635e-03 1.828928225e-04 1.439004714e-02 1.531912362e-02 -4.804066031e-03 -6.322755385e-03 -3.503420271e-03 7.849891773e-03 2.921290704e-03 -2.878708898e-03 -9.633638464e-03 -2.406856692e-03 5.762237831e-03 2.463475303e-03 -5.510611150e-03 -5.262487151e-03 3.837860833e-03 
8.513111111e-01 4.524656869e-03 3.326756160e-02 6.007931834e-03 -3.477262791e-03 -1.785348186e-03 1.428003636e-02 1.593715357e-02 -1.939519245e-03 -5.364925727e-03 -4.844456750e-03 6.765740113e-03 4.937560221e-03 2.965541368e-04 -1.005017466e-02 -4.307693552e-03 4.521075117e-03 4.461024955e-03 -4.066300796e-03 -6.415892883e-03 1.122169905e-03 
8.713111111e-01 3.000271750e-03 3.343952070e-02 6.300209842e-03 -2.914439463e-03 -3.720089602e-03 1.390208042e-02 1.602420666e-02 9.896463472e-04 -4.128247798e-03 -5.933696940e-03 5.176171418e-03 6.584982131e-03 3.441732294e-03 -9.447138921e-03 -5.639235704e-03 2.682417685e-03 5.714624041e-03 -1.943866736e-03 -6.252737233e-03 -1.823793814e-03 
8.913111111e-01 1.469622809e-03 3.354166638e-02 6.539902225e-03 -2.327290339e-03 -5.585028675e-03 1.326327114e-02 1.557738253e-02 3.885839972e-03 -2.676999375e-03 -6.714526313e-03 3.199930286e-03 7.740490061e-03 6.237752973e-03 -7.885708137e-03 -6.225509647e-03 4.892582023e-04 6.015213934e-03 5.027396322e-04 -4.806500253e-03 -4.395509311e-03 
9.113111111e-01 -6.409433798e-05 3.357378541e-02 6.725008356e-03 -1.720716145e-03 -7.345172399e-03 1.237559489e-02 1.461156800e-02 6.652569377e-03 -1.086610788e-03 -7.146360350e-03 9.846466760e-04 8.317764792e-03 8.400964967e-03 -5.524286615e-03 -5.989034790e-03 -1.768560501e-03 5.312666241e-03 2.865505754e-03 -2.373954316e-03 -6.065252484e-03 
9.313111111e-01 -1.597677672e-03 3.353581072e-02 6.853983218e-03 -1.099779741e-03 -8.967494108e-03 1.125570771e-02 1.315894103e-02 9.197655662e-03 5.602556612e-04 -7.206753975e-03 -1.304192405e-03 8.273682517e-03 9.711914355e-03 -2.602436270e-03 -4.961063095e-03 -3.792650382e-03 3.724142545e-03 4.750400837e-03 5.457345073e-04 -6.490386786e-03 
9.513111111e-01 -3.127925453e-03 3.342782161e-02 6.925750305e-03 -4.696638645e-04 -1.042155318e-02 9.924622710e-03 1.126789868e-02 1.143630439e-02 2.178002169e-03 -6.892568158e-03 -3.495605181e-03 7.611536286e-03 1.003760771e-02 5.834264980e-04 -3.277448900e-03 -5.315512455e-03 1.514555757e-03 5.843087084e-03 3.353436895e-03 -5.583673323e-03 
9.713111111e-01 -4.651642903e-03 3.325004351e-02 6.939710602e-03 1.643721302e-04 -1.168006619e-02 8.407315877e-03 9.001444652e-03 1.329393068e-02 3.682544475e-03 -6.220133073e-03 -5.425887855e-03 6.380790014e-03 9.345004028e-03 3.710101710e-03 -1.160694720e-03 -6.135888829e-03 -9.476085491e-04 5.961340776e-03 5.473003493e-03 -3.531172547e-03 
9.913111111e-01 -6.165648880e-03 3.300284759e-02 6.895747587e-03 7.970361688e-04 -1.271941890e-02 6.732257374e-03 6.435090212e-03 1.470864415e-02 4.995682238e-03 -5.224399319e-03 -6.950843674e-03 4.673383403e-03 7.704366698e-03 6.460393855e-03 1.109454161e-03 -6.145360479e-03 -3.251743272e-03 5.085441132e-03 6.469492574e-03 -7.540640670e-04 
1.011311111e+00 -7.666782515e-03 3.268674993e-02 6.794228203e-03 1.423047628e-03 -1.352010928e-02 4.930877360e-03 3.654338388e-03 1.563331090e-02 6.049163590e-03 -3.957121317e-03 -7.956554777e-03 2.616863828e-03 5.282135389e-03 8.555290803e-03 3.232980173e-03 -5.342675655e-03 -5.013595387e-03 3.361459075e-03 6.138421449e-03 2.177780729e-03 
1.031311111e+00 -9.151909815e-03 3.230241046e-02 6.635999799e-03 2.037181412e-03 -1.406711349e-02 3.036976243e-03 7.518352642e-04 1.603712389e-02 6.788232611e-03 -2.484167321e-03 -8.367892129e-03 3.648582393e-04 2.324041058e-03 9.782269069e-03 4.929243084e-03 -3.833915306e-03 -5.939346569e-03 1.076897464e-03 4.547726951e-03 4.662738076e-03 
1.051311111e+00 -1.061793020e-02 3.185063160e-02 6.422383049e-03 2.634311562e-03 -1.435016774e-02 1.086090461e-03 -2.175716695e-03 1.590662930e-02 7.174475326e-03 -8.820958315e-04 -8.154127841e-03 -1.914403136e-03 -8.698230081e-04 1.001685394e-02 5.974068752e-03 -1.818473673e-03 -5.874612317e-03 -1.387254821e-03 2.023824591e-03 6.190886916e-03 
1.071311111e+00 -1.206178299e-02 3.133235653e-02 6.155160937e-03 3.209454045e-03 -1.436396091e-02 -8.851743076e-04 -5.030780475e-03 1.524617482e-02 7.187816320e-03 7.658236175e-04 -7.331230620e-03 -4.050653999e-03 -3.975445113e-03 9.235247216e-03 6.229375460e-03 4.372931890e-04 -4.830188150e-03 -3.620059149e-03 -9.153729347e-04 6.448646306e-03 
