# nmin = 1 nmax = 11 
#   t        rebeta             imbeta
#
#
-4.886888889e-01 0.000000000e+00 0.000000000e+00 0.000000000e+00 0.000000000e+00 0.000000000e+00 0.000000000e+00 0.000000000e+00 0.000000000e+00 0.000000000e+00 0.000000000e+00 1.665334537e-16 0.000000000e+00 0.000000000e+00 0.000000000e+00 0.000000000e+00 0.000000000e+00 0.000000000e+00 0.000000000e+00 0.000000000e+00 0.000000000e+00 
-4.686888889e-01 0.000000000e+00 0.000000000e+00 0.000000000e+00 0.000000000e+00 0.000000000e+00 0.000000000e+00 0.000000000e+00 0.000000000e+00 0.000000000e+00 0.000000000e+00 -1.110223025e-16 0.000000000e+00 0.000000000e+00 0.000000000e+00 0.000000000e+00 0.000000000e+00 0.000000000e+00 0.000000000e+00 0.000000000e+00 0.000000000e+00 
-4.486888889e-01 0.000000000e+00 0.000000000e+00 0.000000000e+00 0.000000000e+00 0.000000000e+00 0.000000000e+00 0.000000000e+00 0.000000000e+00 0.000000000e+00 0.000000000e+00 0.000000000e+00 1.110223025e-16 0.000000000e+00 0.000000000e+00 0.000000000e+00 0.000000000e+00 0.000000000e+00 0.000000000e+00 0.000000000e+00 0.000000000e+00 
-4.286888889e-01 -3.990372950e-19 5.409528669e-19 5.116150605e-19 -6.537192665e-19 -5.756983012e-19 6.939134953e-19 6.169930866e-19 -7.019774926e-19 -6.453371114e-19 6.933402335e-19 1.665334537e-16 4.440892099e-16 -6.801277802e-19 6.519408942e-19 6.907653321e-19 -6.253565686e-19 -6.984071743e-19 5.969581115e-19 7.037057086e-19 -5.675952897e-19 
-4.086888889e-01 -7.687899573e-19 1.927868868e-18 1.048448843e-18 -2.318277275e-18 -1.240658924e-18 2.443644299e-18 1.385188094e-18 -2.449704559e-18 -1.497420895e-18 2.392710999e-18 -1.630640067e-16 6.106226635e-16 -1.653074964e-18 2.186393014e-18 1.704146664e-18 -2.060926954e-18 -1.740549065e-18 1.929186597e-18 1.763927536e-18 -1.794917749e-18 
-3.886888889e-01 -1.506415657e-19 6.969007137e-18 5.763545112e-19 -8.477250295e-18 -1.027589944e-18 9.036121033e-18 1.454961284e-18 -9.159533063e-18 -1.840088439e-18 9.047824055e-18 -3.885780586e-16 3.885780586e-16 -2.460882126e-18 8.471502004e-18 2.695501266e-18 -8.096596681e-18 -2.882106732e-18 7.697524974e-18 3.023820173e-18 -7.289585042e-18 
-3.686888889e-01 9.153988192e-18 2.386729524e-17 -9.875760218e-18 -2.951939476e-17 9.226568000e-18 3.198351552e-17 -8.077620954e-18 -3.295046811e-17 6.762477266e-18 3.308333279e-17 -4.996003611e-16 4.440892099e-16 4.173233659e-18 3.203179159e-17 -3.013132266e-18 -3.115550858e-17 1.971247185e-18 3.016369958e-17 -1.051091574e-18 -2.911080636e-17 
-3.486888889e-01 6.560989889e-17 7.043415125e-17 -7.625534963e-17 -8.910662002e-17 7.766719766e-17 9.860865694e-17 -7.524374519e-17 -1.036344115e-16 7.106489800e-17 1.060370884e-16 -8.881784197e-16 3.885780586e-16 6.092743074e-17 1.063532783e-16 -5.577044384e-17 -1.051716080e-16 5.080366842e-17 1.034552395e-16 -4.610702924e-17 -1.013746751e-16 
-3.286888889e-01 3.297421423e-16 1.558249412e-16 -3.936433755e-16 -2.065913088e-16 4.122314495e-16 2.381102664e-16 -4.110398341e-16 -2.593446051e-16 3.999511064e-16 2.738979725e-16 -1.609823386e-15 -1.387778781e-16 3.649772709e-16 2.899093361e-16 -3.451416728e-16 -2.933772486e-16 3.251070549e-16 2.946892700e-16 -3.053974812e-16 -2.942981869e-16 
-3.086888889e-01 1.380756976e-15 8.812936406e-17 -1.677423701e-15 -1.777586791e-16 1.787421151e-15 2.630359104e-16 -1.813240531e-15 -3.398510133e-16 1.794711810e-15 4.070645178e-16 -2.831068713e-15 -5.828670879e-16 1.693754574e-15 5.133747055e-16 -1.628391877e-15 -5.537798208e-16 1.559161719e-15 5.867593675e-16 -1.488586593e-15 -6.131275001e-16 
-2.886888889e-01 4.993527623e-15 -1.618444554e-15 -6.165587799e-15 1.716745046e-15 6.673142486e-15 -1.569388654e-15 -6.871844281e-15 1.334094240e-15 6.900513779e-15 -1.070591914e-15 -7.882583475e-15 3.330669074e-16 6.692484895e-15 -5.535005513e-16 -6.517851087e-15 3.193283583e-16 6.319087874e-15 -1.061744515e-16 -6.106331058e-15 -8.527622092e-17 
-2.686888889e-01 1.535338487e-14 -1.268328849e-14 -1.935078485e-14 1.466690637e-14 2.134733286e-14 -1.485565166e-14 -2.237708246e-14 1.430264594e-14 2.284618399e-14 -1.341258328e-14 -2.331468352e-14 1.149080830e-14 2.283364215e-14 -1.129713074e-14 -2.254397144e-14 1.022715329e-14 2.213985082e-14 -9.197955236e-15 -2.165623289e-14 8.226070275e-15 
-2.486888889e-01 3.644284505e-14 -6.617989201e-14 -4.777308947e-14 7.875915516e-14 5.455231112e-14 -8.221273271e-14 -5.895695700e-14 8.169954364e-14 6.185437249e-14 -7.921447411e-14 -6.372680161e-14 7.482903186e-14 6.476306617e-14 -7.173454114e-14 -6.523480268e-14 6.755618725e-14 6.524612435e-14 -6.336220989e-14 -6.489739335e-14 5.925957592e-14 
-2.286888889e-01 3.612070215e-14 -2.843287672e-13 -5.851859849e-14 3.445221920e-13 7.760804773e-14 -3.661707614e-13 -9.386107071e-14 3.705111039e-13 1.075510382e-13 -3.657912990e-13 -1.187522303e-13 3.562150575e-13 1.282551106e-13 -3.434696280e-13 -1.357536579e-13 3.293909566e-13 1.416504971e-13 -3.146144507e-13 -1.461503252e-13 2.996572573e-13 
-2.086888889e-01 -2.696696174e-13 -1.053347304e-12 2.747283456e-13 1.296944744e-12 -2.376276304e-13 -1.399963458e-12 1.863606210e-13 1.437970189e-12 -1.314818194e-13 -1.440440257e-12 7.782663403e-14 1.422251206e-12 -2.728170605e-14 -1.390620571e-12 -1.882882401e-14 1.351434429e-12 6.026492782e-14 -1.307549982e-12 -9.702627793e-14 1.261076799e-12 
-1.886888889e-01 -2.422239337e-12 -3.338828878e-12 2.780276236e-12 4.190996087e-12 -2.793281999e-12 -4.606182085e-12 2.665528202e-12 4.811837535e-12 -2.475406717e-12 -4.897190322e-12 2.260081011e-12 4.907074747e-12 -2.038291720e-12 -4.866984365e-12 1.820922417e-12 4.793160942e-12 -1.613478974e-12 -4.696236937e-12 1.418909072e-12 4.583652521e-12 
-1.686888889e-01 -1.320669084e-11 -8.394169193e-12 1.565966806e-11 1.089997308e-11 -1.628536752e-11 -1.234627932e-11 1.612195346e-11 1.325009301e-11 -1.557054482e-11 -1.381666736e-11 1.482453049e-11 1.415224882e-11 -1.398654230e-11 -1.432057449e-11 1.311672527e-11 1.436374623e-11 -1.224965795e-11 -1.431157346e-11 1.140612878e-11 1.418618292e-11 
-1.486888889e-01 -5.830628612e-11 -1.116474237e-11 7.045804280e-11 1.657768517e-11 -7.468487736e-11 -2.080537115e-11 7.537068791e-11 2.422157388e-11 -7.421697070e-11 -2.699009645e-11 7.205336328e-11 2.921610176e-11 -6.933350480e-11 -3.097963831e-11 6.632572118e-11 3.234665320e-11 -6.319448380e-11 -3.337352172e-11 6.004402077e-11 3.410925911e-11 
-1.286888889e-01 -2.212536486e-10 4.204620771e-11 2.716754949e-10 -3.992377634e-11 -2.924887950e-10 3.091456936e-11 2.996787018e-10 -1.982248712e-11 -2.994755973e-10 8.445963935e-12 2.949522848e-10 2.427724688e-12 -2.878218906e-10 -1.244616899e-11 2.791217386e-10 2.146848708e-11 -2.695111044e-10 -2.946342662e-11 2.594260803e-10 3.645831901e-11 
-1.086888889e-01 -7.217005088e-10 4.572980812e-10 9.025156866e-10 -5.202279403e-10 -9.885114075e-10 5.175167474e-10 1.029362660e-09 -4.884330616e-10 -1.044534050e-09 4.480214248e-10 1.043763187e-09 -4.033494094e-10 -1.032605097e-09 3.580544788e-10 1.014517414e-09 -3.140802607e-10 -9.917834430e-10 2.724583517e-10 9.659795622e-10 -2.337013673e-10 
-8.868888889e-02 -1.906991251e-09 2.620895279e-09 2.456889678e-09 -3.095381333e-09 -2.764005458e-09 3.205914824e-09 2.948715125e-09 -3.160379468e-09 -3.058665122e-09 3.039024453e-09 3.118331093e-09 -2.880376271e-09 -3.142231094e-09 2.705028054e-09 3.139842858e-09 -2.524659202e-09 -3.117780818e-09 2.346098827e-09 3.080889346e-09 -2.173356529e-09 
-6.868888889e-02 -3.066268868e-09 1.190777052e-08 4.343265252e-09 -1.434936144e-08 -5.272178385e-09 1.516814094e-08 5.987289594e-09 -1.526547978e-08 -6.544589027e-09 1.499097795e-08 6.976602025e-09 -1.451471071e-08 -7.305786837e-09 1.392958738e-08 7.549254644e-09 -1.329004334e-08 -7.720801836e-09 1.262940289e-08 7.831915659e-09 -1.196857393e-08 
-4.868888889e-02 5.814111266e-09 4.628386862e-08 -4.719583111e-09 -5.667934446e-08 2.586519665e-09 6.086464123e-08 -2.000736683e-10 -6.220665033e-08 -2.149017087e-09 6.201669185e-08 4.337959381e-09 -6.094008942e-08 -6.316223427e-09 5.933591472e-08 8.068137431e-09 -5.742007776e-08 -9.595826782e-09 5.532938500e-08 1.091060579e-08 -5.315361901e-08 
-2.868888889e-02 8.514374868e-08 1.551340760e-07 -9.580043887e-08 -1.933297667e-07 9.412136396e-08 2.110710622e-07 -8.757786308e-08 -2.191372628e-07 7.902672029e-08 2.217476696e-07 -6.980226558e-08 -2.210070043e-07 6.058417939e-08 2.181112178e-07 -5.172926936e-08 -2.137999860e-07 4.342109969e-08 2.085587927e-07 -3.574517913e-08 -2.027199948e-07 
-8.688888889e-03 5.169464237e-07 4.282777992e-07 -6.078703377e-07 -5.481174140e-07 6.267209758e-07 6.130377934e-07 -6.149034303e-07 -6.506253855e-07 5.883860212e-07 6.717727931e-07 -5.548142770e-07 -6.820402828e-07 5.182556340e-07 6.846969185e-07 -4.810015244e-07 -6.818532244e-07 4.443773257e-07 6.749647800e-07 -4.091485387e-07 -6.650825623e-07 
1.131111111e-02 2.421047848e-06 7.886778297e-07 -2.909006924e-06 -1.084386201e-06 3.066103598e-06 1.287032554e-06 -3.076877955e-06 -1.436095796e-06 3.012854601e-06 1.547695644e-06 -2.908760935e-06 -1.630766491e-06 2.783506089e-06 1.691157630e-06 -2.648117380e-06 -1.733111004e-06 2.509298589e-06 1.759903848e-06 -2.371203920e-06 -1.774149920e-06 
3.131111111e-02 9.634686561e-06 -5.971973572e-07 -1.176718686e-05 2.352513831e-07 1.260342835e-05 2.601964647e-07 -1.284902632e-05 -7.708271429e-07 1.277861557e-05 1.253662293e-06 -1.252708764e-05 -1.691735793e-06 1.216926003e-05 2.079273051e-06 -1.174990586e-05 -2.415818625e-06 1.129716325e-05 2.703510485e-06 -1.082902513e-05 -2.945514778e-06 
5.131111111e-02 3.307533469e-05 -1.550097131e-05 -4.108288613e-05 1.718903969e-05 4.471294284e-05 -1.660395449e-05 -4.628406631e-05 1.514420725e-05 4.670303590e-05 -1.334340238e-05 -4.642100772e-05 1.144910952e-05 4.569317425e-05 -9.585914744e-06 -4.467610647e-05 7.817939839e-06 4.347060576e-05 -6.177286789e-06 -4.213912904e-05 4.679631102e-06 
7.131111111e-02 9.434875916e-05 -9.967854513e-05 -1.200443668e-04 1.165367734e-04 1.335417985e-04 -1.194126526e-04 -1.410213495e-04 1.163942369e-04 1.449191164e-04 -1.105999574e-04 -1.464716761e-04 1.035195505e-04 1.463981576e-04 -9.594198422e-05 -1.451520139e-04 8.830822737e-05 1.430236316e-04 -8.086950281e-05 -1.401325684e-04 7.376311941e-05 
9.131111111e-02 1.909953431e-04 -4.650362903e-04 -2.570265124e-04 5.559244126e-04 2.996805299e-04 -5.826831303e-04 -3.293061502e-04 5.812052474e-04 3.500747846e-04 -5.654280502e-04 -3.642228065e-04 5.421182167e-04 3.731336022e-04 -5.149435401e-04 -3.776989825e-04 4.860023494e-04 3.783642626e-04 -4.564617702e-04 -3.744535218e-04 4.265641851e-04 
1.113111111e-01 7.167885421e-05 -1.694388594e-03 -1.838219723e-04 2.053795624e-03 2.950597832e-04 -2.179661828e-03 -3.954258848e-04 2.198472007e-03 4.814388298e-04 -2.159859459e-03 -5.520082219e-04 2.088321113e-03 6.069207762e-04 -1.997303218e-03 -6.459248243e-04 1.894289308e-03 6.673568134e-04 -1.782244197e-03 -6.618469153e-04 1.655096115e-03 
1.313111111e-01 -1.177486853e-03 -4.543872513e-03 1.109239398e-03 5.567030927e-03 -8.522101753e-04 -5.946445505e-03 5.484446373e-04 6.011917895e-03 -2.538646746e-04 -5.896430948e-03 -5.178049521e-06 5.668084684e-03 2.147890428e-04 -5.365219645e-03 -3.654229283e-04 5.007866362e-03 4.438832756e-04 -4.596797306e-03 -4.064448376e-04 4.076861677e-03 
1.513111111e-01 -4.407031353e-03 -8.697571553e-03 4.462702036e-03 1.077847466e-02 -3.828514492e-03 -1.153600060e-02 3.002493842e-03 1.158347147e-02 -2.189944857e-03 -1.118840585e-02 1.490962839e-03 1.050342054e-02 -9.568597674e-04 -9.624521954e-03 6.163488340e-04 8.606961130e-03 -4.972653609e-04 -7.454554367e-03 6.770392807e-04 6.016516468e-03 
1.713111111e-01 -8.998862228e-03 -1.299804010e-02 8.931726019e-03 1.634008120e-02 -7.419083896e-03 -1.745137495e-02 5.572686278e-03 1.722966704e-02 -3.872152163e-03 -1.614203886e-02 2.544636466e-03 1.451091506e-02 -1.682891718e-03 -1.257375294e-02 1.303150362e-03 1.049166291e-02 -1.387084888e-03 -8.326553275e-03 1.927608424e-03 5.898651233e-03 
1.913111111e-01 -1.383712453e-02 -1.700142249e-02 1.307986553e-02 2.170578228e-02 -1.004616073e-02 -2.298806434e-02 6.723300644e-03 2.204868311e-02 -3.987593399e-03 -1.970321634e-02 2.197688887e-03 1.661932844e-02 -1.401840542e-03 -1.332068617e-02 1.461559647e-03 1.015996529e-02 -2.142167845e-03 -7.282932716e-03 3.142475916e-03 4.496066824e-03 
2.113111111e-01 -1.837729736e-02 -2.086327001e-02 1.625831330e-02 2.697865216e-02 -1.112244189e-02 -2.807933839e-02 6.124005914e-03 2.580716741e-02 -2.612606875e-03 -2.161609920e-02 9.548005453e-04 1.678097765e-02 -9.088214560e-04 -1.224289891e-02 1.915434951e-03 8.515028439e-03 -3.323598484e-03 -5.662800541e-03 4.450950433e-03 3.250166926e-03 
2.313111111e-01 -2.256620812e-02 -2.475398149e-02 1.845756224e-02 3.223669706e-02 -1.082570885e-02 -3.263097448e-02 4.308984966e-03 2.833423305e-02 -6.860184121e-04 -2.187416599e-02 3.103253212e-06 1.540162211e-02 -1.321133235e-03 -1.024959316e-02 3.384594452e-03 6.810021845e-03 -5.108188474e-03 -4.681179137e-03 5.692222612e-03 2.865205493e-03 
2.513111111e-01 -2.650499261e-02 -2.867172606e-02 1.987306118e-02 3.734719528e-02 -9.589379413e-03 -3.637874373e-02 2.065574880e-03 2.942865244e-02 7.457861842e-04 -2.062506062e-02 3.219037058e-04 1.312954091e-02 -3.173044675e-03 -8.342362499e-03 5.789906268e-03 5.987544197e-03 -7.009046255e-03 -4.779782099e-03 6.496723452e-03 3.127988927e-03 
2.713111111e-01 -3.023758294e-02 -3.251115648e-02 2.063974436e-02 4.207570767e-02 -7.788489768e-03 -3.903313296e-02 4.589497970e-05 2.900774679e-02 9.975860056e-04 -1.824041066e-02 2.215410050e-03 1.074564418e-02 -6.131846267e-03 -7.312724284e-03 8.325649351e-03 6.356294932e-03 -8.272809047e-03 -5.597542691e-03 6.649458243e-03 3.362501062e-03 
2.913111111e-01 -3.370737250e-02 -3.618833879e-02 2.077689326e-02 4.624542764e-02 -5.658655686e-03 -4.044892738e-02 -1.358089001e-03 2.723689338e-02 -1.200560496e-04 -1.532313182e-02 5.297132877e-03 9.008194701e-03 -9.258708992e-03 -7.533051430e-03 1.000557500e-02 7.583709906e-03 -8.446243146e-03 -6.356157499e-03 6.301240765e-03 3.016883736e-03 
3.113111111e-01 -3.682342589e-02 -3.970789878e-02 2.026707761e-02 4.981465984e-02 -3.364621625e-03 -4.068911283e-02 -1.959596663e-03 2.452976944e-02 -2.408465754e-03 -1.259135737e-02 8.780327391e-03 8.461595298e-03 -1.153934959e-02 -8.882422913e-03 1.025845286e-02 8.946029417e-03 -7.694519785e-03 -6.375200166e-03 5.890072700e-03 2.018253663e-03 
3.313111111e-01 -3.954662326e-02 -4.314428692e-02 1.915813239e-02 5.284654147e-02 -1.098712774e-03 -3.996854943e-02 -1.668028657e-03 2.142874154e-02 -5.480875561e-03 -1.068677057e-02 1.185539166e-02 9.283046262e-03 -1.236594755e-02 -1.082925653e-02 9.232511276e-03 9.696167593e-03 -6.708020152e-03 -5.437642880e-03 5.868333636e-03 7.566872966e-04 
3.513111111e-01 -4.192782671e-02 -4.657255460e-02 1.760551147e-02 5.541983198e-02 8.798725507e-04 -3.853873143e-02 -4.241420281e-04 1.844350592e-02 -8.927012008e-03 -1.000051762e-02 1.396975675e-02 1.123812521e-02 -1.175453630e-02 -1.264036850e-02 7.690819804e-03 9.386041023e-03 -6.303708172e-03 -3.857246212e-03 6.432680441e-03 -2.070860440e-04 
3.713111111e-01 -4.408038409e-02 -5.000581607e-02 1.583459757e-02 5.755184907e-02 2.287163770e-03 -3.659248552e-02 1.789987615e-03 1.593252673e-02 -1.238699577e-02 -1.059342991e-02 1.492862428e-02 1.376945434e-02 -1.025515584e-02 -1.364135252e-02 6.608952302e-03 8.025123499e-03 -6.978359617e-03 -2.271198170e-03 7.417545830e-03 -4.912527501e-04 
3.913111111e-01 -4.611405124e-02 -5.337919929e-02 1.405717784e-02 5.918024591e-02 2.901731570e-03 -3.423666337e-02 4.896593792e-03 1.407185588e-02 -1.555088616e-02 -1.223361962e-02 1.483920169e-02 1.618455486e-02 -8.658891089e-03 -1.343836457e-02 6.711247791e-03 6.040413526e-03 -8.656494590e-03 -1.304303806e-03 8.396332012e-03 -9.892522210e-05 
4.113111111e-01 -4.807427189e-02 -5.658441335e-02 1.239640771e-02 6.020614904e-02 2.639990110e-03 -3.153228675e-02 8.677287273e-03 1.290300049e-02 -1.813495873e-02 -1.451941601e-02 1.397886667e-02 1.787117037e-02 -7.667394857e-03 -1.203203532e-02 8.168203783e-03 4.084367163e-03 -1.074091701e-02 -1.280911346e-03 8.917032114e-03 6.061192737e-04 
4.313111111e-01 -4.991642909e-02 -5.952899652e-02 1.085703370e-02 6.056661112e-02 1.582189534e-03 -2.856647876e-02 1.277296889e-02 1.241637509e-02 -1.987656234e-02 -1.702712237e-02 1.266673928e-02 1.846769418e-02 -7.661433899e-03 -9.800761940e-03 1.056316408e-02 2.787185598e-03 -1.241068750e-02 -2.108452091e-03 8.740888887e-03 1.112177001e-03 
4.513111111e-01 -5.150847957e-02 -6.218429370e-02 9.334967702e-03 6.029745935e-02 -3.963711984e-05 -2.551694403e-02 1.671692700e-02 1.262437187e-02 -2.055033572e-02 -1.943236638e-02 1.117355428e-02 1.795350487e-02 -8.618211235e-03 -7.386557637e-03 1.309514385e-02 2.560135882e-03 -1.300464969e-02 -3.370527572e-03 7.971164073e-03 1.046170972e-03 
4.713111111e-01 -5.261000929e-02 -6.459607896e-02 7.608273593e-03 5.956920772e-02 -1.818259232e-03 -2.269492474e-02 1.993352042e-02 1.360131511e-02 -1.996153793e-02 -2.159502977e-02 9.639002630e-03 1.668534183e-02 -1.012712090e-02 -5.561371936e-03 1.488635814e-02 3.538521620e-03 -1.231613157e-02 -4.607214742e-03 7.027474533e-03 4.319637818e-04 
4.913111111e-01 -5.278703801e-02 -6.685005032e-02 5.253232888e-03 5.869024031e-02 -3.045340195e-03 -2.054311273e-02 2.165741254e-02 1.546419855e-02 -1.787063300e-02 -2.361460285e-02 7.923393608e-03 1.539904690e-02 -1.141108861e-02 -5.103802473e-03 1.524614685e-02 5.689004752e-03 -1.064568456e-02 -5.717132411e-03 6.443707584e-03 -1.490094710e-04 
5.113111111e-01 -5.156537613e-02 -6.901902930e-02 1.765720145e-03 5.796630819e-02 -2.880908559e-03 -1.938024306e-02 2.115325343e-02 1.816485870e-02 -1.403989370e-02 -2.566347176e-02 5.553067950e-03 1.482727035e-02 -1.150076000e-02 -6.396090896e-03 1.378634548e-02 8.826788926e-03 -8.374503945e-03 -7.062148670e-03 6.344378363e-03 2.046119353e-04 
5.313111111e-01 -4.909791846e-02 -7.114683221e-02 -2.775494493e-03 5.738687619e-02 -1.297674797e-03 -1.895010463e-02 1.855940071e-02 2.122842572e-02 -8.687952794e-03 -2.747543565e-02 2.291118096e-03 1.480057871e-02 -9.924643814e-03 -8.794448714e-03 1.046115207e-02 1.223532004e-02 -5.430369376e-03 -8.620305814e-03 6.053171269e-03 1.752983732e-03 
5.513111111e-01 -4.599896335e-02 -7.322652935e-02 -7.792236133e-03 5.668831268e-02 9.882593392e-04 -1.870558618e-02 1.469142421e-02 2.404920142e-02 -2.486507500e-03 -2.844666800e-02 -1.486239538e-03 1.451462143e-02 -6.988432715e-03 -1.114790628e-02 5.661360902e-03 1.480681074e-02 -1.791645779e-03 -9.623372942e-03 4.896579772e-03 3.779932473e-03 
5.713111111e-01 -4.264821221e-02 -7.521306118e-02 -1.289038832e-02 5.566596485e-02 3.463228274e-03 -1.831025387e-02 1.014146442e-02 2.624360095e-02 3.963072703e-03 -2.816863589e-02 -5.277446476e-03 1.345318859e-02 -3.216563925e-03 -1.267258857e-02 7.192935907e-05 1.572909376e-02 2.115025447e-03 -9.391610306e-03 2.816868554e-03 5.401915503e-03 
5.913111111e-01 -3.917393779e-02 -7.706878762e-02 -1.791152746e-02 5.423229896e-02 5.920289402e-03 -1.763734471e-02 5.213047352e-03 2.762329320e-02 1.022977244e-02 -2.650454598e-02 -8.704460359e-03 1.148471223e-02 9.116910235e-04 -1.300659056e-02 -5.536003110e-03 1.467591310e-02 5.667084473e-03 -7.719217322e-03 1.726152937e-04 6.045791552e-03 
6.113111111e-01 -3.561234466e-02 -7.877329212e-02 -2.278693162e-02 5.236351437e-02 8.273969496e-03 -1.665415609e-02 1.056617118e-04 2.810200440e-02 1.596625666e-02 -2.348777959e-02 -1.148567915e-02 8.687666333e-03 4.951727157e-03 -1.204943242e-02 -1.041226731e-02 1.171512562e-02 8.273894300e-03 -4.797616153e-03 -2.505078509e-03 5.489252878e-03 
6.313111111e-01 -3.197621590e-02 -8.031651157e-02 -2.747158722e-02 5.006308061e-02 1.047270225e-02 -1.536466331e-02 -5.004725899e-03 2.765042039e-02 2.087160217e-02 -1.925779142e-02 -1.340861782e-02 5.250099975e-03 8.489049975e-03 -9.878033854e-03 -1.391142048e-02 7.215396516e-03 9.500522620e-03 -1.086611738e-03 -4.668305340e-03 3.817547761e-03 
6.513111111e-01 -2.827367550e-02 -8.169299279e-02 -3.192631986e-02 4.734635285e-02 1.247447100e-02 -1.378863354e-02 -9.947656087e-03 2.627935641e-02 2.469128010e-02 -1.402904739e-02 -1.432936472e-02 1.422677299e-03 1.116460466e-02 -6.706773862e-03 -1.557146112e-02 1.764651861e-03 9.142500495e-03 2.802824430e-03 -5.873402203e-03 1.365339879e-03 
6.713111111e-01 -2.451230940e-02 -8.289917324e-02 -3.611427502e-02 4.423486375e-02 1.424190375e-02 -1.195434932e-02 -1.455881659e-02 2.403322393e-02 2.722724413e-02 -8.071723825e-03 -1.417940635e-02 -2.510411064e-03 1.270725488e-02 -2.855709708e-03 -1.517336359e-02 -3.918650024e-03 7.259676193e-03 6.224178256e-03 -5.873169559e-03 -1.366380427e-03 
6.913111111e-01 -2.069984938e-02 -8.393234198e-02 -4.000068448e-02 4.075426681e-02 1.574199905e-02 -9.895874763e-03 -1.868479442e-02 2.098650018e-02 2.834791624e-02 -1.695014732e-03 -1.297011293e-02 -6.255816467e-03 1.296067672e-02 1.284919145e-03 -1.276990463e-02 -9.083918339e-03 4.166125823e-03 8.607404338e-03 -4.667705457e-03 -3.817584173e-03 
7.113111111e-01 -1.684420107e-02 -8.479029346e-02 -4.355318541e-02 3.693353199e-02 1.694668132e-02 -7.651743986e-03 -2.218821144e-02 1.724059913e-02 2.799513424e-02 4.769759231e-03 -1.079188966e-02 -9.533864250e-03 1.189923040e-02 5.295164352e-03 -8.678779638e-03 -1.304864536e-02 3.777864118e-04 9.555176632e-03 -2.504399098e-03 -5.485387916e-03 
7.313111111e-01 -1.295339475e-02 -8.547122585e-02 -4.674215231e-02 3.280453061e-02 1.783337178e-02 -5.264043923e-03 -2.495237382e-02 1.292030020e-02 2.618726203e-02 1.098661198e-02 -7.807477678e-03 -1.209970314e-02 9.630620409e-03 8.768219102e-03 -3.440680809e-03 -1.528888867e-02 -3.473560408e-03 8.909460628e-03 1.728225541e-04 -6.027572018e-03 
7.513111111e-01 -9.035547332e-03 -8.597371563e-02 -4.954097600e-02 2.840172207e-02 1.838544075e-02 -2.777572117e-03 -2.688519690e-02 8.169537623e-03 2.301827378e-02 1.663242146e-02 -4.239826294e-03 -1.376166425e-02 6.384999529e-03 1.135175330e-02 2.252131843e-03 -1.550858781e-02 -6.745634230e-03 6.777943366e-03 2.814581844e-03 -5.332880343e-03 
7.713111111e-01 -5.098836543e-03 -8.629671357e-02 -5.192629793e-02 2.376185443e-02 1.859253162e-02 -2.389830466e-04 -2.792228733e-02 3.146591311e-03 1.865288337e-02 2.141374130e-02 -3.554492899e-04 -1.439559597e-02 2.491631691e-03 1.278367284e-02 7.647308283e-03 -1.367870842e-02 -8.892760946e-03 3.516091006e-03 4.878780443e-03 -3.543865378e-03 
7.913111111e-01 -1.151480791e-03 -8.643954537e-02 -5.387820924e-02 1.892365495e-02 1.845075918e-02 2.304090239e-03 -2.802909301e-02 -1.981189748e-03 1.331798751e-02 2.508205697e-02 3.555480685e-03 -1.395414216e-02 -1.654507693e-03 1.291871212e-02 1.203183436e-02 -1.004108301e-02 -9.556871003e-03 -3.321282077e-04 5.941838037e-03 -1.027638287e-03 
8.113111111e-01 2.798278937e-03 -8.640191287e-02 -5.538041814e-02 1.392750640e-02 1.796278370e-02 4.803930470e-03 -2.720205563e-02 -7.042963679e-03 7.290873717e-03 2.744670350e-02 7.200807710e-03 -1.247028045e-02 -5.632800278e-03 1.174317159e-02 1.482626133e-02 -5.076451597e-03 -8.627212890e-03 -4.124959430e-03 5.785611805e-03 1.699463354e-03 
8.313111111e-01 6.742196551e-03 -8.618389466e-02 -5.642038626e-02 8.815109873e-03 1.713776139e-02 7.213631586e-03 -2.546872953e-02 -1.187008776e-02 8.848082630e-04 2.838477562e-02 1.030821710e-02 -1.005485884e-02 -9.039655521e-03 9.376307695e-03 1.566128426e-02 5.590717802e-04 -6.258822651e-03 -7.229884622e-03 4.442159849e-03 4.077829760e-03 
8.513111111e-01 1.067203813e-02 -8.578594591e-02 -5.698943336e-02 3.629136736e-03 1.599117266e-02 9.487978870e-03 -2.288686382e-02 -1.630173708e-02 -5.567246130e-03 2.784751592e-02 1.264557791e-02 -6.888315128e-03 -1.152945416e-02 6.058234452e-03 1.442654847e-02 6.120709534e-03 -2.846668993e-03 -9.129105558e-03 2.187162732e-03 5.619412680e-03 
8.713111111e-01 1.457959915e-02 -8.520889744e-02 -5.708280980e-02 -1.587127522e-03 1.454453166e-02 1.158429734e-02 -1.954247831e-02 -2.019026273e-02 -1.172993641e-02 2.586284911e-02 1.403828368e-02 -3.207197736e-03 -1.284961066e-02 2.125564350e-03 1.128523376e-02 1.087344862e-02 1.040214358e-03 -9.505895367e-03 -5.166470524e-04 6.007874459e-03 
8.913111111e-01 1.845672160e-02 -8.445395397e-02 -5.669973619e-02 -6.790144588e-03 1.282498261e-02 1.346325246e-02 -1.554699761e-02 -2.340611102e-02 -1.728294957e-02 2.253393056e-02 1.438229594e-02 7.135050296e-04 -1.286619755e-02 -2.022740386e-03 6.652488938e-03 1.418917816e-02 4.753624558e-03 -8.297418045e-03 -3.114439238e-03 5.163501518e-03 
9.113111111e-01 2.229531100e-02 -8.352269166e-02 -5.584340993e-02 -1.193648672e-02 1.086479049e-02 1.508958825e-02 -1.103353883e-02 -2.584213978e-02 -2.193766127e-02 1.803378469e-02 1.365191616e-02 4.580907256e-03 -1.157753211e-02 -5.965841792e-03 1.140566730e-03 1.562969909e-02 7.674288312e-03 -5.705207407e-03 -5.073138704e-03 3.259561838e-03 
9.313111111e-01 2.608735333e-02 -8.241705473e-02 -5.452097846e-02 -1.698319921e-02 8.700735570e-03 1.643278876e-02 -6.152476531e-03 -2.741718804e-02 -2.545213745e-02 1.259631184e-02 1.190170544e-02 8.106104708e-03 -9.114347106e-03 -9.303719405e-03 -4.522090112e-03 1.500463552e-02 9.315136061e-03 -2.161557959e-03 -5.990814165e-03 6.867498261e-04 
9.513111111e-01 2.982493176e-02 -8.113935148e-02 -5.274347966e-02 -2.188815894e-02 6.373423369e-03 1.746765069e-02 -1.066432661e-03 -2.807878004e-02 -2.764370910e-02 6.504130982e-03 9.262408751e-03 1.102575667e-02 -5.726528181e-03 -1.169775162e-02 -9.587118095e-03 1.239659440e-02 9.402528985e-03 1.742567453e-03 -5.679155733e-03 -2.026985409e-03 
9.713111111e-01 3.350024315e-02 -7.969224945e-02 -5.052574966e-02 -2.661042595e-02 3.926522682e-03 1.817475627e-02 4.055141460e-03 -2.780487359e-02 -2.839846673e-02 7.389033568e-05 5.931187878e-03 1.312175813e-02 -1.757763395e-03 -1.290506822e-02 -1.338513496e-02 8.150248340e-03 7.921892851e-03 5.356090580e-03 -4.202116697e-03 -4.324776867e-03 
9.913111111e-01 3.710561436e-02 -7.807876982e-02 -4.788629909e-02 -3.111058513e-02 1.405946220e-03 1.854083766e-02 9.041610758e-03 -2.660459438e-02 -2.767718094e-02 -6.360190847e-03 2.156893026e-03 1.423753274e-02 2.389323289e-03 -1.280318914e-02 -1.541420369e-02 2.826784516e-03 5.120148513e-03 8.076395969e-03 -1.862790109e-03 -5.735110522e-03 
1.011311111e+00 4.063351827e-02 -7.630228114e-02 -4.484715851e-02 -3.535107525e-02 -1.141010881e-03 1.855902584e-02 1.372684144e-02 -2.451793204e-02 -2.551734140e-02 -1.246369369e-02 -1.778526915e-03 1.428972946e-02 6.294017473e-03 -1.140244982e-02 -1.540616729e-02 -2.870260541e-03 1.464533725e-03 9.449827174e-03 8.587868633e-04 -5.968581474e-03 
1.031311111e+00 4.407658950e-02 -7.436649226e-02 -4.143369455e-02 -3.929650244e-02 -3.666558489e-03 1.822897953e-02 1.795473604e-02 -2.161440772e-02 -2.203120828e-02 -1.791938153e-02 -5.581086625e-03 1.327444907e-02 9.560195041e-03 -8.844952726e-03 -1.336208783e-02 -8.187978675e-03 -2.435316570e-03 9.247341556e-03 3.404138073e-03 -4.977280751e-03 
1.051311111e+00 4.742763978e-02 -7.227544465e-02 -3.767439817e-02 -4.291393562e-02 -6.123308191e-03 1.755689160e-02 2.158443414e-02 -1.799075792e-02 -1.739997742e-02 -2.244368861e-02 -8.966725759e-03 1.126753545e-02 1.185650822e-02 -5.390151273e-03 -9.552106088e-03 -1.242359269e-02 -5.929037073e-03 7.502706981e-03 5.250949451e-03 -2.964626376e-03 
1.071311111e+00 5.067967294e-02 -7.003350388e-02 -3.360064692e-02 -4.617318134e-02 -8.465162472e-03 1.655537285e-02 2.449500537e-02 -1.376771147e-02 -1.186436244e-02 -2.580145880e-02 -1.168252894e-02 8.418909876e-03 1.295000022e-02 -1.388528783e-03 -4.479740334e-03 -1.501733374e-02 -8.433991422e-03 4.506870460e-03 6.020249501e-03 -3.436213517e-04 
